0.167285777318319
0.504218744120357
0.952983864
0.906557536623054
0.9826570226
0.910017702646478
0.988189287
0.986832733267673
0.9764769662
0.9862583414
0.9793748974
0.9850901244
0.9800299324
0.9863766742
0.979627942655885
0.9798493022
0.9877612796
0.974981863363727
0.988836712
0.978157672115344
0.978680000560001
0.9935372242
0.9712779344
0.9864936338
0.988043549906497
0.781033498052129
0.453440882632559
0.981254846748468
0.9738539668
0.992565422
0.984086365972732
0.985105111
0.9718575642
0.693171947572269
0.987752487
0.994679794478767
0.9927053648
0.9940524098
0.9899884932
0.985761559523119
0.992065783
0.9788978856
0.9466902232
0.9727413926
0.9842868074
0.99210923
0.985279395758791
0.964973665294661
0.9868981804
0.9802651118
0.896056005
0.9771990744
0.9864297382
0.9676735114
0.974847527077437
0.9790374686
0.9795964262
0.9762412264
0.9798541888
0.988259944467505
0.9656376144
0.9857560052
0.981872800508585
0.989530425639147
0.977857394
0.9768750722
0.977580546361093
0.9723187358
0.970152165
0.9682869578
0.972859504
0.9891860212
0.9827526986
0.9925238104
0.9756589992
0.9770652916
0.9884587436
0.9759194342
0.978719306
0.9519816004
0.971861456
0.9826029684
0.972145975691951
0.9795436674
0.9729529138
0.983657227
0.969925633
0.990139221
0.9907973966
0.9804833332
0.947059219
0.9681574524
0.971547205940289
0.91041533922065
0.9202895256
0.9877910296
0.9310901252
0.9925962642
0.946348968
0.9247812042
0.9881496314
0.9691507266
0.9737803818
0.9860963924
0.970570186
0.9818331542
0.9796571344
0.9914207462
0.9808209498
0.9773197236
0.9714038518
0.981730982395457
0.973090896781794
0.987840666
0.991083698567397
0.9825924402
0.9422860962
0.9781392618
0.9672061288
0.9524136848
0.9519667582
0.9642770712
0.9956353098
0.9771263322
0.983126174052348
0.9693964274
0.9801596432
0.9852425468
0.962713552484199
0.9885711578
0.971483713
0.9450742472
0.9533545027563
0.9755798214
0.9686766428
0.9863916506
0.97834961
0.9437620946
0.9627231514
0.9539389218
0.9867920128
0.9657259238
0.9692901728
0.9688796678
0.9873377426
0.9666954548
0.9737023888
0.9955503256
0.9581657366
0.958877722
0.9464794494
0.9483625234
0.980522330365017
0.9698745072
0.9714080756
0.976893052986106
0.9600158332
0.9740524752
0.976002153
0.9554933456
0.9613206712
0.9598466234
0.9872649052
0.990535779671559
0.964834191868384
0.9861297332
0.7073564446
0.9823109242
0.9702334222
0.9953159594
0.981907686
0.9302163812
0.958392454079001
0.945501532
0.9853239832
0.9904009138
0.981630802
0.9854518786
0.935212665366342
0.9679108784
0.959749736798947
0.984266728
0.925122841
0.9855186712
0.9637759532
0.9561776756
0.9711450748
0.953421658443317
0.9753297406
0.9765137126
0.971449781
0.9932676938
0.9487834458
0.9600368092
0.966800951
0.9879874022
0.981387959
0.9704342142
0.9628476912
0.971551563
0.9844510026
0.9568974228
0.989033574
0.9808514944
0.9613312202
0.953108083
0.817136712680237
0.7899156164
0.9700082416
0.9399554676
0.9780748172
0.9610702892
0.9722229272
0.9843354086
0.9924380816
0.9762308256
0.7410658688
0.972923321
0.9835986548
0.9556222724
0.9927963284
0.982983708
0.9614298444
0.987252204
0.9466374056
0.9713628118
0.9539712026
0.9640912334
0.9726385916
0.97458299476599
0.972512378
0.9795781234
0.9757797318
0.9374831798
0.9612183594
0.978690212
0.9693549176
0.926206928
0.9591543926
0.9478775472
0.525050157006382
0.242106837892956
0.695109306028176
0.469499214243781
1
1
1
1
1
1
0.554849367088608
1
1
1
1
1
1
1
1
1
1
1
1
1
1
1
1
1
1
1
1
1
1
1
1
1
1
1
1
1
1
1
1
1
1
1
0.463817637596231
0.567796339584724
0.355737883437991
0.427057759741651
0.30320055496707
0.799109107827643
0.460761811403735
0.308431269101238
0.877900904220157
0.84336707665862
0.462621159145536
0.672308931480177
0.427645203717231
0.512379739150854
0.982800859200775
0.967493696
0.9827570392
0.9804268542
0.9264549864
0.9536893492
0.9487738538
0.9826477924
0.9721645216
0.9816294362
0.974498285504003
0.9355826108
0.9782675256
0.988043579
0.962200096000384
0.9757623894
0.9351216168
0.9568504086
0.9503557208
0.946063426
0.9828813094
0.9559891718
0.927454243
0.8648562692
0.9750825904
0.9536474098
0.9796804728
0.961033785897228
0.9527613576
0.9914383592
0.9778044092
0.9686021012
0.93247688
0.969686162
0.9937213978
0.9868848732
0.9743613144
0.9639073392
0.9667238174
0.979748132537712
0.9399179476
0.9797416276
0.969771406085624
0.9711702576
0.9481439892
0.9657034716
0.958805471810944
0.963094416588833
0.950333246
0.923843982975932
0.9754308626
0.9866369342
0.945531473916373
0.9863368752
0.9788738958
0.944163543927088
0.9750944352
0.9641644826
0.9745361838
0.9689580294
0.9742718914
0.962824421
0.9735857866
0.983924362648725
0.985112618
0.983044733
0.9855474452
0.971235833271667
0.9709897132
0.977758414033656
0.9578873148
0.9506281502
0.9719666508
0.9724278948
0.9733122598
0.950009688019376
0.9863261322
0.9697333602
0.954377810355621
0.9844434482
0.9878204642
0.9822905626
0.9724218228
0.9870626608
0.9759092874
0.9646659524
0.9839949794
0.971109145
0.961308828
0.9853103816
0.9831542036
0.973111750426414
0.964520137344617
0.8972252118
0.9883298008
0.9532744792
0.9667168538
0.993128337056674
0.984131433262866
0.9658790118
0.9862497588
0.9833830328
0.9830776586
0.9876033198
0.9346057368
0.9449961126
0.9771937212
0.9826263156
0.989466278
0.9950132074
0.9807368024
0.982903227129407
0.710938036218626
0.993745661613667
0.9797998042
0.900696953
0.9956686194
0.9762679396
0.9784010986
0.9766835828
0.981585859571719
0.956441567813306
0.9585406438
0.9827321746
0.9748447744
0.9679059486
0.966873051
0.977155017638025
0.9952078812
0.975476274
0.978933835
0.977801678603357
0.9692533074
0.9969590064
0.985961649
0.9809095152
0.9774268242
0.9809248842
0.9810007402
0.930255496
0.980574602
0.9823698304
0.9796390292
0.9804488666
0.9277236802
0.9446753156
0.9363998884
0.797341157299559
0.9407279906
0.97777415
0.9488833174
0.979631430525722
0.982723369244584
0.976163101
0.9746247678
0.9416365272
0.9940957758
0.881465047115698
0.9811897148
0.9869413814
0.98871274522549
0.9827730188
0.9835875494
0.968393739
0.9704210946
0.989451023
0.9885474994
0.976416244
0.9818736112
0.961266539
0.97236580789337
0.986752709743877
0.9815504034
0.9809628506
0.9667932868
0.9819052436
0.9790762102
0.9859227268
0.9900005732
0.970106495
0.9894499132
0.9825211626
0.9824339518
0.989851941
0.8934946038
0.8888143986
0.764005208
0.978188272
0.9858325528
0.973389382
0.9855236564
0.968474134
0.961974527
0.9627863458
0.9596520184
0.9268103064
0.870436630873262
0.83023325423107
0.967573930204082
0.972980028474782
0.947523598576814
0.968747311
0.9730303508
0.9869152866
0.96326927493855
0.968762267249934
0.976304018408037
0.965527034847125
0.974960698721397
0.9667372836
0.9898779288
0.993876415752831
0.9873738208
0.9873244386
0.979909278018556
0.984144417688835
0.9817957326
0.978431186062372
0.989186830747323
0.9793963622
0.9779058976
0.9775183556
0.9892450476
0.968770165940332
0.9676865968
0.9522575874
0.97051024502049
0.96016454
0.9794354606
0.981972764491058
0.984097657896505
0.969148399090395
0.9802550664
0.976024848849698
0.9726531548
0.977949736374692
0.921862522096228
0.9864384734
0.985939043078086
0.972774561451061
0.969090914
0.979624873
0.978273751
0.9797298864
0.973001873607494
0.9758443502
0.975186546373093
0.979116182
0.9886879208
0.973801432708307
0.986723818047636
0.9896995312
0.98279236498473
0.9787877082
0.9845758438
0.991423968247937
0.9898091486
0.982835371
0.9855860478
0.960951388
0.9797068116
0.957524730201976
0.972475983503934
0.98101662807069
0.966169314671332
0.9806115584
0.9850231854
0.948057115254739
0.958077946355893
0.961630466199955
0.953499868996332
0.9810426276
0.983039677
0.9698037882
0.963602504405009
0.985028738857478
0.9899717042
0.969345570291141
0.9634062434
0.9843060054
0.9793286026
0.9705408422
0.986909673
0.9727462256
0.987088323353293
0.9688709086
0.9839607246
0.9821395118
0.966349349
0.9934142952
0.9853681686
0.989170285
0.980510845
0.9810506976
0.9830850282
0.9642424648
0.94888213996428
0.9856809966
0.9946432584
0.9935465664
0.9730867918
0.9652280316
0.975335931
0.979007575
0.9699233584
0.97977837515675
0.985223545
0.993190041980084
0.9769477354
0.951710741221482
0.9639658532
0.9480913224
0.946183823
0.968039319
0.9479882236
0.9923520668
0.968166502758575
0.9799339952
0.9423668998
0.9894188818
0.984890564
0.98464159
0.989485686
0.9406287278
0.967535622071244
0.9656476214
0.9807346878
0.9845777168
0.9856070416
0.971032286
0.936753430813723
0.9599403692
0.9675911104
0.9759297794
0.977045611221323
0.965325351
0.9893351096
0.9888904014
0.9751220874
0.977259504638019
0.9358326564
0.9894499512
0.944314053628107
0.9803189426
0.96496044248354
0.914028861
0.9870445518
0.9758063208
0.97332145524291
0.984445409
0.9531175384
0.926878517
0.9644606624
0.9353320886
0.97640335317869
0.9756396944
0.9497339724
0.989020847
0.983394343788688
0.984111913423827
0.9776552682
0.970601285
0.9907784318
0.9830627574
0.9652042414
0.9654642958
0.9627343086
0.972298788797578
0.9756719998
0.9814425172
0.9914311704
0.7591178428
0.442809590546225
0.4692503446
0.983555441234112
0.944133440473952
0.570758385010497
0.670275388944937
0.531248944846412
1
0.39417839485315
0.532709284643869
0.431803223844282
1
1
1
1
0.724576872787669
0.8855026548
0.663971745
0.902855716225757
0.9863659896
0.513606570809079
0.842911634223268
0.9773197228
0.9762545942
0.962094005988012
0.9866576888
0.9540083644
0.9912313764
0.9724302816
0.9853425096
0.987799674798049
0.964302394004788
0.9812858484
0.9856078592
0.9909673796
0.9869118456
0.974108367616735
0.990977890955782
0.8022466132
0.9738298968
0.9833677058
0.8550877346
0.9654609074
0.8682502632
0.974816442717684
0.6496271052
0.559985806563862
0.8059457168
0.7632825342
0.735485526952349
0.8396290286
0.9657273782
0.829187804717117
0.776480466515997
0.9525981012
0.984989776
0.965715300963884
0.9750493488
0.9609614412
0.973273753
0.9592758278
0.8980020862
0.9712784372
0.973576635
0.981763726
0.9828071776
0.9687213192
0.996687176174352
0.9871912816
0.98370386
0.9506416062
0.9841414002
0.978507805606774
0.9707661382
0.949964035
0.9829304766
0.9692466844
0.9796390944
0.9591718904
0.990804477008954
0.9875793998
0.982319439477758
0.9847063202
0.959164347
0.970281138162276
0.9499139736
0.6609136906
0.7324496684
0.7554382486
0.6977646444
0.752928035
0.9844959862
0.966466875267501
0.9617505088
0.9719459954
0.951205949611899
0.938663039596576
0.983442826
0.9880955956
0.9758176614
0.9388491336
0.9729379386
0.9789443418
0.9809906454
0.9818245394
0.969503905607811
0.9877089272
0.9884094878
0.9791124906
0.991046638
0.9885207342
0.9615193188
0.9833613368
0.959344455577822
0.9873259572
0.9771101428
0.9938570438
0.985120926
0.976659934
0.9841290368
0.9825350388
0.9666769652
0.9345069934
0.984319147076746
0.97895407
0.9244052098
0.983583206
0.9913905406
0.9873351434
0.9348681388
0.9808930496
0.9875150338
0.946909930819862
0.9594390188
0.976853455506911
0.9720502084
0.9664070058
0.9761225438
0.96343942547677
0.9616830208
0.9635193242
0.961936739
0.943377573
0.9606028548
0.978478512757025
0.976595988
0.9658098798
0.9390591836
0.9767931592
0.952708893017786
0.989267009
0.9801709418
0.988260705
0.9889920944
0.9682506876
0.9872999234
0.9708622448
0.9690929622
0.9833362616
0.9405512908
0.95744146366827
0.9549959022
0.9868459492
0.9817051776
0.9401901966
0.9686673658
0.9859766868
0.9753721844
0.9821204464
0.972548934544291
0.964586751845054
0.9762133918
0.9887214414
0.966800375
0.9665513042
0.989037122
0.9721723396
0.935953484
0.9854153052
0.9795900406
0.9852010904
0.955594091788184
0.9831993888
0.961514689
0.9426682956
0.981997506
0.9830543618
0.9604681638
0.9793450202
0.979742593
0.9554429486
0.9603568736
0.9694638178
0.942612811025622
0.9786814694
0.9819515152
0.9746854626
0.9430587896
0.9528239534
0.9841793906
0.9895600492
0.965719351
0.9780684852
0.977395881591763
0.9720645822
0.9765557816
0.973118577
0.9793855024
0.9818026148
0.9756498938
0.9651856044
0.9687145444
0.965954433708867
0.955198442396885
0.9586597388
0.9631904872
0.9380922524
0.9647439778
0.9869713784
0.9559594164
0.9787103976
0.9263316944
0.9854341188
0.977549281898564
0.9694272426
0.9849970262
0.9851298536
0.9745986604
0.9468056166
0.9722595966
0.9803814278
0.9673778404
0.9823040916
0.9806362688
0.9882065942
0.969948914
0.980757307
0.9918136804
0.9629535216
0.9691818596
0.9735998344
0.9843567418
0.973861006461625
0.914508553017106
0.9349582236
0.9826214968
0.9747942038
0.9639612336
0.9788152496
0.9725749164
0.989841939683879
0.9673862718
0.978033441
0.9666959122
0.9818140486
0.9629311444
0.967756198512397
0.980522807782462
0.9747579576
0.9939719904
0.9898742838
0.989632384
0.9725824118
0.980953530307061
0.9906955868
0.974160043120086
0.9843581664
0.993116398032796
0.9873706522
0.983026257452515
0.9746800316
0.978434047825226
0.9664395814
0.990073727347455
0.9807140048
0.9809345066
0.980131198262397
0.9745282778
0.9845229526
0.9886667144
0.9768986818
0.9779277746
0.9387367084
0.9532876282
0.9895014486
0.9842951364
0.965910599021198
0.9818376232
0.98602638501108
0.945589912979826
0.9458188256
0.98841623
0.991579564662766
0.955807984031936
0.9838569628
0.963769863134216
0.9883611366
0.9936782008
0.967770412540825
0.9959734564
0.9871261078
0.977196896993794
0.983571458342917
0.986086931425282
0.987653716214865
0.984291717646963
0.9855994102
0.949285183
0.983298776995108
0.971114956654778
0.570873843082348
0.980568518633863
0.933128006456013
0.9711505228
0.96235118042833
0.9788822572
0.9802388628
0.9851032754
0.9430583278
0.946535824343297
0.978298574960099
0.9777033412
0.9612884088
0.944065372784473
0.9587756614
0.9938448938
0.9850495916
0.964163864291155
0.957755620622483
0.990631923127693
0.9723725102
0.9741177712
0.984521610686443
0.976407156448647
0.969404927619711
0.980994389943899
0.9792352484
0.9886279274
0.970546851174809
0.978428673745517
0.989342406484813
0.9359035632
0.978551173604694
0.9869886572
0.958532946234236
0.9795232148
0.9640202904
0.9768986914
0.9452014402
0.9571717154
0.937956073
0.9700513468
0.9740469402
0.9595843388
0.972611659
0.954010204220408
0.952386524
0.9575789126
0.9808591348
0.94991738
0.988876465072386
0.9827480554
0.9855636994
0.9290819146
0.934243079
0.9816788764
0.9728120382
0.9570875082
0.9792302902
0.9756158818
0.9767663652
0.9612447024
0.9951431038
0.9951702402
0.9916538766
0.965576769
0.9799152194
0.9760820334
0.968095455
0.9537682988
0.9679282642
0.9592989312
0.9689367434
0.9526447276
0.978232452929812
0.9838474326
0.976288879
0.9538525784
0.9755891196
0.9716721728
0.9302496106
0.9514551262
0.9626496546
0.96949004
0.9390694708
0.9746536148
0.980058268
0.9738702726
0.946464176230655
0.989238396
0.9711912312
0.9902550186
0.992443663
0.967249929599718
0.9636556496
0.9787254396
0.9805588302
0.969113050455127
0.9754579682
0.9753692876
0.9771289236
0.982976684706739
0.9524013462
0.935213798824861
0.9692646916
0.992911328
0.989268896
0.963549662896629
0.982456868
0.9628072316
0.9770712452
0.9556258186
0.9855783922
0.9859390214
0.9658176266
0.962235404993148
0.9765487128
0.983688161
0.917225713651427
0.9645192758
0.9875135714
0.990462793014065
0.968498521655122
0.9502602104
0.9923016732
0.995446763
0.9840875122
0.9513472768
0.9617846266
0.9896155744
0.981226728453457
0.974270114
0.977253953
0.988357333433761
0.9743338196
0.9543607094
0.98450277395097
0.974357919727665
0.975739039
0.9757133024
0.9817885594
0.9565707136
0.971182584
0.9931136854
0.9928911544
0.9912285896
0.98054586
0.97409776
0.9832086598
0.9700802548
0.9610760104
0.8753207016
0.8399124064
0.9660032566
0.9850339292
0.982953083
0.9716136862
0.980091439182878
0.9627013998
0.9756035628
0.9818349092
0.982844035
0.9625864888
0.9760215894
0.973467111
0.950890947
0.978771465906819
0.9824349732
0.9813152094
0.976800754
0.972304494
0.968404502209004
0.982308742760695
0.9680625988
0.9898453832
0.9656518598
0.9678285798
0.9805416986
0.9468366508
0.9582161238
0.9365537142
0.88928543016853
1
1
1
1
1
1
0.893251533716529
0.983425721502886
0.9548685744
0.9712629074
0.950460942
0.9868903736
0.955575745
0.9821799724
0.956261319
0.959232498
0.9654634664
0.9394386414
0.972429226
0.9754293508
0.9604133548
0.956782859
0.9541448348
0.9691743768
0.9768926458
0.9581651172
0.974315483524083
0.9787514852
0.9933152612
0.981287383
0.9780174164
0.9830942832
0.9555362578
0.972842944
0.974263222
0.9676255858
0.9703886664
0.9595702574
0.9438062002
0.9681317446
0.9689527708
0.9700412334
0.9658655792
0.954188804
0.96097719
0.951801745766067
0.98923793
0.9788901538
0.9832019486
0.9757846706
0.9791299746
0.9527680348
0.9753866112
0.9830967404
0.986597877
0.979026377
0.9735690758
0.9405164888
0.9814548796
0.977844321
0.928472977
0.9197419458
0.9657520332
0.9591600316
0.9680941
0.993675845
0.9763120714
0.978394975
0.981721828930974
0.9896686738
0.800567513935028
0.9727029162
0.9715738646
0.9873950466
0.9899066984
0.9965594386
0.9615223924
0.9660134142
0.9868634534
0.8175196558
0.9640615268
0.950072068471955
0.97810358385595
0.945287667
0.9330884758
0.9558891662
0.9629058554
0.980751610206441
0.9854531628
0.9399307368
0.948879139
0.9473119666
0.966981632
0.9272297252
0.9397437696
0.9897654474
0.968187709551949
0.9545129338
0.9613268574
0.985646227
0.973497468
0.971329932
0.971535889
0.9604417218
0.983350797
0.979960178
0.970168659
0.988442831
0.9801878576
0.96684989303537
0.9580951882
0.9634165178
0.9744124738
0.9776566538
0.982861249
0.9584591304
0.9660744626
0.9867099666
0.9795972318
0.991214996
0.971645360826804
0.9784698542
0.972731493
0.9807707694
0.9799975374
0.9670101262
0.930740999
0.9705589224
0.9602190758
0.9603987768
0.9587863218
0.9773957768
0.9704859052
0.9833333476
0.9519875694
0.9377894166
0.9633905002
0.929226847
0.971233671696113
0.978548955897912
0.982794911
0.966884855307781
0.9767310782
0.9586534576
0.98320985
0.942387967
0.974192002
0.9687436136
0.9750716642
0.975134678
0.952907193292233
0.9654965426
0.9654232282
0.9642058528
0.9831285056
0.9708492898
0.9728640094
0.9888457202
0.966617048
0.9872614042
0.9321316498
0.9835814162
0.9697755286
0.9871782658
0.9822838324
0.9738997484
0.9947420014
0.9806821358
0.9659009708
0.970698521194085
0.9662139436
0.96412814742968
0.962183050976236
0.9759289374
0.9758645754
0.989404005
0.9598204238
0.956303931868672
0.9806438898
0.9513423922
0.981374
0.9748895894
0.9797233624
0.979220249
0.9872193158
0.9728032784
0.9768557374
0.9847931762
0.9911624896
0.9758887962
0.968857074
0.9857004266
0.969172768945538
0.9544003818
0.9723026608
0.9849073598
0.9788320414
0.9674147128
0.9873344178
0.9777359508
0.9804715418
0.9805112152
0.968866638
0.9796370246
0.9619233586
0.9782302256
0.9858784772
0.991798586216668
0.9848042596
0.948680289676888
0.828418241456397
0.9646532372
0.972774629
0.9769082048
0.9231739874
0.588778956307588
0.937112524382012
0.970628722257444
0.972654121259279
0.9814622078
0.9793970488
0.9816462326
0.9837255378
0.8797256276
0.8507030136
0.981934443
0.9421139914
0.9604538754
0.9922240754
0.9778589642
0.9850736326
0.9910460954
0.9861197542
0.933053496205427
0.512467208581655
0.852609257458431
0.9893461086
0.9714136876
0.9299847764
0.9570210902
0.9521731408
0.9675303894
0.9790826742
0.973432209
0.9468914506
0.962799536
0.967491895583791
0.9728510016
0.9735063624
0.967109708
0.9849936078
0.9737804962
0.9636233384
0.9794067058
0.9652614772
0.9679830248
0.988406466
0.969255388
0.9520756736
0.9830569512
0.958321113
0.9761583978
0.991864162
0.9648333348
0.9863987244
0.975603343606687
0.9874550634
0.9910133046
0.9850970916
0.9506549576
0.9605870504
0.9913935994
0.9858500962
0.9876123846
0.9895868286
0.9782136888
0.9880365746
0.9914216784
0.9911516252
0.991840975403919
0.9826617994
0.988813477247743
0.9894976234
0.9835005728
0.988215979
0.985663891
0.9857570132
0.9741192704
0.9835297282
0.9770716848
0.973203362
0.973288248376497
0.9725122406
0.983394342788686
0.97797212
0.977099727
0.984803539691943
0.9785232806
0.9700344584
0.9896059404
0.9823347344
0.9808496498
0.9699985344
0.953685532
0.9686625054
0.969364053
0.980715204605856
0.9643814888
0.9673077486
0.9663240568
0.9739317314
0.9842323606
0.956167851
0.9547413334
0.580747094307489
0.489364999810177
1
1
1
0.864254385121985
0.9267850876
0.934743880432261
0.9151929078
0.9418477174
0.9673329638
0.974456119312239
0.9627702976
0.958614498628997
0.9665049916
0.9741503438
0.9743794808
0.9166650114
0.95728269
0.972319809590785
0.94487114
0.9687888794
0.9707376098
0.9606651218
0.9667965798
0.948292872
0.9815236352
0.9614097454
0.9472316808
0.964485189429163
0.9793592164
0.9509332702
0.947697168
0.9622093194
0.9658189868
0.9726993574
0.9465840114
0.9727881908
0.9605382754
0.9284073208
0.8907802538
0.959690521181042
0.9381772778
0.985718138
0.9264361582
0.9744259262
0.9547633574
0.9355492288
0.9783451698
0.9650307658
0.907074254731526
0.973314079742705
0.905717586979955
0.979288557509865
0.980303676
0.98491653264966
0.9737754122
0.958073431
0.9304113056
0.9725433492
0.9727312592
0.9410635
0.9821563584
0.961588706
0.9661101956
0.976047375494751
0.941892937
0.9864925404
0.9635909784
0.9787739532
0.9559283214
0.9703480084
0.9728372756
0.9617490056
0.9404672494
0.955834893069786
0.963164762490167
0.945567194
0.984596780793562
0.9672209118
0.973517801749563
0.9813128504
0.9491212942
0.9689450332
0.9435631038
0.9442831224
0.9602636036
0.9756514886
0.9858092224
0.9379600152
0.9402403586
0.9732770182
0.9646085904
0.960351535
0.9722558556
0.968275096
0.9643420452
0.9303892828
0.9610586346
0.9646702912
0.9449745722
0.9776519094
0.964530775
0.9759953348
0.9788092452
0.9702588782
0.954206722
0.926543838775355
0.9564717396
0.9252508274
0.9598661416
0.9553306524
0.9589837438
0.9658329652
0.9556030242
0.9318004758
0.971500917
0.976523872247745
0.9758655564
0.977225554
0.9810080584
0.959313009
0.953396312
0.9572147482
0.9266598526
0.967734663
0.955468213
0.9743655396
0.9704157636
0.978741461
0.9767268572
0.9882329776
0.9741759184
0.9744730056
0.968561753704115
0.9785838822
0.975464109728219
0.9492401422
0.8918134296
0.8153740888
0.8251749556
0.964214780965332
0.9704904386
0.9577397816
0.9855698566
0.980473082
0.953768043573037
0.9612809924
0.9666920374
0.972259262
0.9502611328
0.9824513182
0.9890545964
0.972619422069352
0.9721048438
0.9595183716
0.947040529942491
0.9348249706
0.9647044458
0.9745213424
0.9639548498
0.9554878236
0.9712832164
0.9824658872
0.9603714338
0.6777892344
0.9704893286
0.9676709108
0.9850349802
0.9765192506
0.9728362026
0.9666313136
0.948871896
0.9852856482
0.978060543
0.995214844429689
0.9857677496
0.9676554156
0.987441601
0.958042236
0.9760349266
0.9876794122
0.969008142
0.9523783214
0.963883898167796
0.9556503936
0.97460336
0.956999646435357
0.962753589
0.8447878906
0.889475897351795
0.9533850182
0.9514545758
0.9667492016
0.973164819
0.9428296264
0.95881191
0.983474248548497
0.9727785434
0.9751753856
0.9618833662
0.9478832204
0.9879792276
0.9715423484
0.9773188106
0.9719232828
0.9922601736
0.9738230284
0.9892688496
0.9796598132
0.977259434
0.9807745972
0.9733365988
0.9881075716
0.9645404008
0.9860240852
0.9684635264
0.9678354294
0.9441243306
0.9608128222
0.9844758
0.946693375
0.9592216108
0.9599026338
0.9797951172
0.9701265522
0.988905615
0.9825480158
0.9634594846
0.9637665054
0.9314644868
0.933075182
0.9410634906
0.9833556654
0.962126224
0.935840960481921
0.946956738
0.966876456
0.9759662482
0.9876823042
0.9742064434
0.960938381
0.9327670222
0.9600710944
0.9885534776
0.9791197372
0.9813773052
0.987635851
0.98824495
0.9588819404
0.983549697
0.9749393546
0.9691241062
0.98100541
0.9816143144
0.9805827734
0.989912222
0.971464872
0.9727415404
0.9737505854
0.981298284596569
0.9708777202
0.9837929816
0.9860353918
0.9687391986
0.9750568954
0.9805255104
0.970836752
0.9758235518
0.977538864
0.9808519664
0.975589559
0.982363941
0.9901180384
0.948616104
0.9585088004
0.977407863
0.9625597186
0.9650848808
0.972554839
0.9423404508
0.94288217057519
0.519717558715969
0.910323571606405
0.8655570306
0.9736199764
0.935997330394661
0.987430657
0.994184196
0.9737106536
0.9890329056
0.986325050850102
0.9685235728
0.986913884
0.989629383
0.9940948366
0.9809773192
0.9158154014
0.9836091836
0.962758050716101
0.9698543784
0.9763294114
0.979046739386958
0.977100966
0.9876097846
0.9902093396
0.9914710194
0.9731050214
0.9822743746
0.979918500474002
0.984505883411767
0.9929813616
0.9843260882
0.9593024144
0.9760433832
0.970529138811954
0.9678293288
0.9819907828
0.904045491175706
0.9685679596
0.977028692
0.9709148546
0.9816780356
0.9785927676
0.8028102764
0.7793594378
0.892443341
0.8982929408
0.9845065164
0.9918275166
0.981559605
0.979743267083006
0.9853881422
0.945761766
0.983357455
0.9706829844
0.990720779083116
0.9809368774
0.9780006184
0.9781809822
0.9473813734
0.9541723224
0.9812549318
0.957825033
0.9708025096
0.9927678742
0.985593769187538
0.9801443498887
0.957759472
0.953146768693537
0.9772840024
0.6670583508
0.9826211048
0.948691768150609
0.9712604116
0.971659701
0.9800778124
0.9439618784
0.9659955562
0.9804840332
0.9808972896
0.9663703296
0.9695714178
0.9775955176
0.9578313224
0.950912345192648
0.9578795184
0.951999069518225
0.9467540664
0.944414645
0.9314062968
0.966250685994357
0.95322166
0.957506216
0.9161659708
0.950406038634834
1
1
1
1
1
1
1
0.793193112126563
0.9309776026
0.9551881556
0.964748375690961
0.953566253782054
0.958264264714118
0.9613775002
0.9583871086
0.9721080062
0.970515226860907
0.9748140502
0.9670177548
0.968197779195558
0.9842262294
0.9634294686
0.96588564
0.9508844206
0.9594040272
0.972449170698341
0.987364925
0.9565863954
0.9402052644
0.9692313106
0.9893000864
0.956066448
0.9213189684
0.9699352562
0.9507583226
0.9313708056
0.9770132472
0.9604764872
0.9771540018
0.9436098696
0.9899584794
0.9823753216
0.9101895246
0.979939032278064
0.9716714076
0.975736817
0.266118857
0.2594666092
0.2382766832
0.3992963964
0.9589861234
0.9942662196
0.9608236064
0.989209304237217
0.9836191212
0.9866657664
0.977165639
0.9526484044
0.921692828
0.9574929144
0.9774619938
0.967568321
0.975155017710035
0.964059402918806
0.9343740204
0.9723161454
0.9640867248
0.96732289378315
0.9733276324
0.9641846256
0.961400923
0.949736719
0.9541702258
0.9643583984
0.978584559
0.968913472226944
0.9795871374
0.9773166368
0.968471255
0.944648892497785
0.961879472
0.9734885272
0.9744617742
0.9560893186
0.971110473820948
0.9889741268
0.9752860646
0.9455792148
0.9385294474
0.9913147974
0.9772652592
0.955311382673153
0.9819376506
0.94425464103082
0.966170305740611
0.984261636
0.988158752680779
0.9685120168
0.9886903698
0.9667325718
0.98246467512935
0.9672769178
0.9230288668
0.948829112
0.970438958
0.905017399
0.8923067432
0.857038554
0.9542488058
0.9399756472
0.9605343888
0.936798583
0.9712595786
0.975398522791137
0.989235893
0.9510233482
0.970118921
0.9748482244
0.9781000238
0.9798594576
0.930314595577134
0.9961739674
0.9960597952
0.983207431397409
0.973994669
0.9389223284
0.975014989
0.9758786122
0.942135270941084
0.953010909843639
0.956127362654725
0.9667135238
0.9827241476
0.97621972
0.9723357598
0.9700986192
0.9447155048
0.9652991878
0.9811252026
0.96557746495493
0.985931899
0.97002689485379
0.9594026262
0.9700747912
0.9715302444
0.975378937
0.9495425602
0.9434533148
0.967728621
0.9542082022
0.9645630532
0.9534866566
0.954830621
0.967824128448257
0.97807335994672
0.9728141712
0.9848299014
0.9789774912
0.9610793978
0.969401834603669
0.9505837666
0.9657371956
0.9614619838
0.9759842268
0.9640569692
0.9688907402
0.9622770828
0.9743962102
0.9231953788
0.9384220268
0.9684325742
0.972343322286645
0.9702994162
0.971751599703199
0.9790765884
0.9821135558
0.977168299736599
0.9878765206
0.991626074452149
0.979271497342995
0.9428243054
0.9752946764
0.95879884
0.9790619708
0.9772597492
0.964247543064957
0.9841526254
0.9817523136
0.96525011
0.959337232044453
0.991081300525202
0.9762731578
0.9849257082
0.9917123392
0.9826535608
0.973148723394894
0.9259411038
0.9560531656
0.9725381516
0.9884549396
0.9734249024
0.9732356694
0.9556740748
0.9546695122
0.951800757703014
0.9898649884
0.9859891422
0.991319000438001
0.9681907612
0.985163800527601
0.981089801
0.9496089638
0.922684689569379
0.9259410908
0.9819164362
0.9864365774
0.9837758278
0.9577801698
0.977060507369483
0.9673870792
0.9561464478
0.973438043428261
0.9781045808
0.9716119838
0.991637781
0.9844032928
0.978226263452527
0.9898092748
0.9432880312
0.977927567655135
0.968530557
0.9639072238
0.9456411384
0.9647112714
0.9720368388
0.9882688352
0.9819157348
0.979438993677987
0.9852100826
0.976098187
0.9739050016
0.9891511422
0.989157463978789
0.982798388
0.9754050962
0.993172157544315
0.9747140714
0.9802049958
0.9748086522
0.956087894
0.9908737126
0.9860102906
0.990845158290317
0.975991142
0.994273149
0.972731258
0.9874323716
0.9720396872
0.9078448496
0.757978351913408
0.9818968464
0.985766404
0.6859140562
0.9211267088
0.9708800782
0.969752593
0.952220063040126
0.9695908706
0.952512222
0.621694842642354
1
0.812499824318182
0.973764975291599
0.973671786
0.987093247186494
0.962983545
0.9864516884
0.9697159448
0.9862872962
0.96640656
0.9806896466
0.988453421906844
0.965382372
0.9349475182
0.9852506932
0.983719121
0.98196364
0.9825362524
0.9714853178
0.979088316
0.9510406898
0.9844779136
0.9778689632
0.9844440314
0.9845850494
0.990210593221186
0.9755938756
0.9877079636
0.988339954079908
0.9752128982
0.9930621194
0.984326376
0.9837775196
0.972638691
0.9796626868
0.983283088
0.9826016708
0.9786553196
0.9763930876
0.956365714297142
0.9577600316
0.9874402
0.9821695354
0.9825748778
0.978979930119721
0.9658547236
0.9853461406
0.96354707009414
0.9599958444
0.9737853378
0.9730681538
0.9819409596
0.9926822706
0.9854001382
0.636700378890798
0.974759325
0.977565092930186
0.976704861009722
0.9655833866
0.957656129
0.970369122
0.9581474666
0.9794445164
0.961360094
0.9559829504
0.924135672
0.9756165924
0.978372219
0.9847920992
0.9801383476
0.983723235
0.976513027
0.9820233984
0.9890644086
0.988791208982418
0.982722083
0.9933087288
0.9828554032
0.9854462684
0.981457569
0.97437625364277
0.9904047254
0.9919687688
0.981731699663399
0.985467259
0.9824413106
0.9773502804
0.985127826
0.988733942067884
0.9870318598
0.933448404
0.9615928516
0.9753009906
0.9663176258
0.982906146
0.971381918963838
0.9825766126
0.9633436812
0.97064786864054
0.959384055233518
0.9688576326
0.973538613
0.969034424
0.956262173979165
0.9548516766
0.9701043518
0.9469321742
0.9711573074
0.986264283
0.9787390262
0.9624173362
0.9617282076
0.9675800004
0.9792140092
0.9638340828
0.95802249375
0.557647366132274
0.739913547755922
1
1
1
0.932548447471932
0.799324421
0.833313881949374
0.9641311544
0.956584391505293
0.9616608688
0.9514738248
0.969340214586609
0.9496635266
0.9718255378
0.9573984412
0.953989478
0.9795939646
0.9598072854
0.9681355546
0.972330135233224
0.9743090472
0.9711905222
0.9572013704
0.9728886594
0.959003981104858
0.9399031992
0.9646137046
0.977529997319989
0.949969506939014
0.955050100513871
0.976773779
0.942168375618676
0.9125819428
0.9508467288
0.968391893
0.9759371042
0.9474217386
0.9480978382
0.9643581372
0.899336971
0.968526718
0.9364765076
0.9602443478
0.9787937672
0.9571217434
0.9237035336
0.9318981402
0.9668133862
0.9432504238
0.946967847199443
0.962945375
0.956458043
0.9655966001932
0.9367816504
0.9564057274
0.9218397692
0.9329237956
0.8932702938
0.96502125
0.9844383326
0.9457408642
0.9679847682
0.9741903626
0.9904910518
0.9776334094
0.980379318358637
0.9717615004
0.9754536204
0.9899366222
0.971099582
0.9818339628
0.9584455814
0.9835416198
0.930416731736537
0.954072612990378
0.9538406216
0.979200796
0.9788579632
0.9825240602
0.976863975
0.9550583842
0.96913655
0.967315581
0.9444006508
0.957430633
0.9743084756
0.9611142566
0.980953667107334
0.95771064
0.9626752034
0.9671201702
0.9623711192
0.9476035594
0.9712737864
0.9659052838
0.9722883034
0.9868851016
0.981805928646239
0.9711607564
0.9687001442
0.976070180540361
0.97343327
0.967642937
0.9394584064
0.9687151126
0.9771464632
0.9818857172
0.9723644652
0.988360843565061
0.9352704988
0.979191707
0.976785007860912
0.9802771212
0.9488299698
0.9288265018
0.963941469682939
0.9786107062
0.9572455944
0.945492712
0.9545928874
0.9701260728
0.984412620576688
0.9787390632
0.990347509230628
0.9616260436
0.9324859618
0.9565877226
0.9696184706
0.979108357216714
0.9531927526
0.9740112088
0.9884214732
0.966621095163913
0.94941643
0.9698502774
0.9751190104
0.970401852
0.953650926301853
0.9791567372
0.963885453
0.9875962744
0.9632657804
0.9654176246
0.9839204886
0.970026848
0.979726919469195
0.9539979702
0.9548723548
0.989350761501523
0.9860518972
0.959995902991806
0.9728515922
0.9878676756
0.9854186128
0.98878152
0.9717995684
0.9659893814
0.982411351622703
0.989788859
0.9807183208
0.9814258334
0.9852748936
0.9691277696
0.9866829614
0.977874416
0.9788912542
0.9816826478
0.9357628376
0.970463675
0.9795136176
0.9802965062
0.9876097854
0.982382346564693
0.985666307
0.9771293072
0.9511097836
0.9830105352
0.9747601974
0.98840889
0.9752243558
0.9809206726
0.9742250662
0.9939184836
0.9717259756
0.9758289762
0.9853665088
0.97960121480243
0.97590025260101
0.9816217972
0.9732556906
0.979592904
0.9782666614
0.987182597965196
0.986407854
0.9892151032
0.990531464
0.9499088638
0.9819317684
0.991498523809524
0.983414515
0.9734250014
0.9769095244
0.9829392944
0.968635132
0.962648225
0.8994749562
0.9862076122
0.9863221042
0.9859572398
0.9709482198
0.9953973762
0.9918805838
0.9789306988
0.944600848474756
0.969887449374899
0.9886867004
0.98043757
0.973117310834295
0.916151238885524
0.990242215380021
0.9769238854
0.960855748508273
0.9705641978
0.978663720062028
0.969786999104322
0.528300700301174
0.905372925945473
0.973943897687795
0.9669487812
0.973810210420421
0.972113860427721
0.9738978002
0.98598703254813
0.9779993912
0.97911448002896
0.9457425208
0.9441077582
0.8839111916
0.9789941096
0.7984842962
0.9562739582
0.9787919096
0.972310220420441
0.9737144678
0.9592180932
0.973026074868236
0.9699285478
0.9609882582
0.990689133
0.987553018306037
0.9687831036
0.976570093140186
0.970732907
0.9680917664
0.9640475046
0.9699412712
0.9898769072
0.9704779162
0.967372765
0.989965608531217
0.970588693
0.983418346636693
0.9820203888
0.982055339
0.957367857271407
0.9475935824
0.9825334912
0.966210348282786
0.980620256440513
0.9849917844
0.9843122092
0.939717577
0.959532614
0.9529755752
0.9673315728
0.9788198834
0.9708900312
0.9671532984
0.973168309
0.976462185924372
0.9699215572
0.9725789002
0.991202445804892
0.9912922667536
0.9905673886
0.9221579164
0.957368297
0.975109972619945
0.981824998099992
0.960672104288417
0.9483809236
0.850477448
0.9700384078
0.9672140752
0.9590618282
0.9164343284
0.843729404317617
0.9422491856
0.97879298497194
0.976715706325651
0.967323294750062
0.973311931823864
0.963278744714979
0.9909190866
0.97296225527643
0.9271373688
0.9682341116
0.980034750669501
0.9961256792
0.9957520986
0.9934405086
0.9644719022
0.9709687462
0.9409370672
0.9379895398
0.9835558054
0.9675481416
0.8648603132
0.978791190093355
0.9851819802
0.986096986993974
0.981725352850706
0.990231212462425
0.9411209456
0.9787421684
0.961509346
0.986130386044139
0.968520097440195
0.9555049842
0.940877331554663
0.9831653446
0.986480243681462
0.9615523566
0.990594385
0.9340348942
0.9758902354
0.9759454104
0.893527732
0.8782619882
0.721606065054732
0.844590685412648
0.792134029538681
1
1
1
1
1
1
0.234043240816295
0.868904626014662
0.56408446404573
0.939368847636252
0.7174699214
0.6658739686
0.9555070126
0.9598129584
0.775794267222563
0.688347291279035
0.9430858982
0.9577548054
0.818352173148513
0.9909510166
0.9882246234
0.988575455
0.986305628811258
0.9950640432
0.9812832746
0.9884651546
0.98964301008602
0.989787595
0.9790493134
0.723603120095763
0.56351001103908
0.9788402318
0.979892942
0.61755942457333
0.410285392949361
0.951271963347748
0.915344557289115
0.58790658344699
0.804509419500109
0.9853885394
0.9802827554
0.969759062318125
0.977216295737835
0.9708203728
0.9948658492
0.9770621824
0.9695842682
0.9888767372
0.9882085094
0.9748719268
0.9678771304
0.959656361
0.9532650248
0.9708547988
0.9752480582
0.9830077756
0.9447164002
0.975407260528737
0.9491010574
0.960276920353841
0.972120378
0.967555235510471
0.9582486948
0.9621862844
0.9263207638
0.959757851
0.9426831738
0.928278640557281
0.9701955308
0.9829365994
0.95579725258901
0.9566452846
0.9821389408
0.9806030662
0.9722760938
0.9686708422
0.984083564
0.956657857284246
0.962202661
0.8422501658
0.9849865368
0.989432562370673
0.9836224246
0.9482905984
0.898697557551713
0.964157232710873
0.9694829518
0.916299219316787
0.903233842664703
0.6531804722
0.8675215132
0.9667405878
0.9566876088
0.929606985738941
0.978574903
0.982307818015636
0.9639648584
0.967701212402425
0.9803338146
0.97031869
0.981442380284761
0.969508073248694
0.9654997624
0.9442003766
0.9611126774
0.956386847773696
0.961617440718675
0.964497253394507
0.9915826678
0.9560875822
0.9542601874
0.9380357568
0.9734658058
0.987495840791682
0.9689877782
0.977242883
0.9633179084
0.9780770902
0.9922729988
0.9767456738
0.9780110624
0.9866341868
0.977122153
0.95147442
0.9805880948
0.9829246096
0.9703291636
0.9776818354
0.9702932654
0.9624310232
0.9671520964
0.9632720556
0.9692102536
0.9687458934
0.972582098
0.9763518172
0.9777531176
0.9463719278
0.9765792088
0.984762443924888
0.963998808997618
0.881675657751316
0.984941147740415
0.984157859115718
0.985870538
0.96512154057078
0.9895840184
0.9822374456
0.9933131622
0.977844700289401
0.98142299367376
0.980049491898984
0.988662743325487
0.984189035378071
0.981754160633285
0.9839058878
0.969640395
0.955150590301181
0.955566173732348
0.9915161626
0.975059665719331
0.980243457
0.970706779
0.986131264030498
0.9747870008
0.9625558632
0.9644055342
0.9521842008
0.983018626490587
0.983085061120857
0.971219380742661
0.642562361012644
0.7776776276
0.9754852928
0.9637862254
0.9668057354
0.948731616063232
0.954815155
0.985738097
0.9659167356
0.9804476442
0.975729315546102
0.971294272388545
0.90219626997762
0.764359221718443
0.9434990278
0.992298069392278
0.990414549229098
0.9298554908
0.9125130854
0.9625359794
0.871015335
0.8676820246
0.987892548769047
0.980539086291371
0.986360049520099
0.9882477438
0.969984199485248
0.971242305
0.960107508230033
0.9528793008
0.976920799441599
0.946828793959676
0.61468648493388
0.9535273648
0.921925587162245
0.9551315022
0.914185502539695
0.992941069180502
0.9597433762
0.990647501
0.986090986
0.9858257972
0.9741687936
0.9856291536
0.969265051730103
0.9493119762
0.4920706744
0.343218521794595
0.677259742833828
0.9890886904
0.9756642268
0.9673763978
0.9936282314
0.976776088
0.980407403014806
0.9849919968
0.429336293285269
0.8019263554
0.9818862692
0.984418776
0.9754671828
0.9726471302
0.9874718674
0.969445075
0.9755188338
0.9606780302
0.9907454202
0.992415557
0.9886433244
0.9818899216
0.9889332308
0.981671408
0.990168221
0.9830719724
0.991515328
0.980594991589983
0.9884517048
0.9956045918
0.9702664834
0.982385584
0.9765561936
0.9728318552
0.981982161
0.963940976
0.9842863664
0.9846651106
0.9727011098
0.982922009
0.9916656304
0.9752380614
0.9772553064
0.987808359216718
0.9862436454
0.982463620927242
0.968249575
0.9613015228
0.9849799742
0.988592888185776
0.9758551054
0.9673127214
0.9694158802
0.973522844
0.9838169644
0.9726355716
0.9417066032
0.986762195648783
0.9837201904
0.9906745426
0.9841891932
0.989385362648966
0.9700882702
0.9782148272
0.967000716
0.971149171
0.976932099
0.98536588993178
0.9879030272
0.970911263467386
0.901624911
0.914338651216159
1
1
1
0.594332225201072
0.992504842
0.9233544494
0.905868893751539
0.968804495617983
0.9553791894
0.965860617921236
0.9769487384
0.9713931552
0.9637774676
0.9592521956
0.973082963331853
0.9727208594
0.9836117964
0.9802888596
0.9606080562
0.9527188686
0.9822638014
0.9648837058
0.964466893933788
0.9690062382
0.9461115576
0.9755025584
0.9612894742
0.9779494734
0.9697754894
0.971232224
0.9686188726
0.9563782512
0.969923263
0.985432663933607
0.9476933624
0.9708314734
0.972035866
0.9722839054
0.966770076340153
0.969395462590925
0.956364196
0.972364655167238
0.9655198888
0.9771651758
0.9752795658
0.973396556
0.9741702216
0.9602258614
0.9638940902
0.9678059952
0.9496067378
0.961569736
0.9882527644
0.9323495422
0.9756141944
0.955941602
0.9603266248
0.9662249666
0.974577783
0.979808568
0.960842827599173
0.9548302368
0.9531410362
0.9750421574
0.9607510682
0.9923976508
0.954670802
0.972611300422601
0.9745478644
0.9793520324
0.9679020004
0.9713452108
0.9696848344
0.9744063344
0.9632473374
0.9730345914
0.9788257122
0.982721274792067
0.961357427
0.9665488984
0.9530663102
0.945031231
0.973700924011088
0.721981698229363
0.9875309956
0.967701598003196
0.9319884916
0.9600434612
0.9717939902
0.9468687934
0.9471214224
0.939491663983328
0.953359297111565
0.988445358
0.9708320966
0.915046423
0.9644547634
0.9886970732
0.967729573059146
0.9768680674
0.9732170914
0.9851985028
0.9727391294
0.9531244002
0.969771402885611
0.9776927622
0.9513130876
0.966619272
0.9782836884
0.9262427246
0.949834462
0.9442469394
0.9759991524
0.974523353
0.9846730546
0.9611791144
0.9638486318
0.9883848826
0.9889472454
0.9519880928
0.9731901542
0.9720932156
0.9838133304
0.9731683906
0.9759540436
0.9812330446
0.977872976
0.9637702498
0.9616264382
0.9682284574
0.9788617484
0.9661156406
0.9735724796
0.9782667872
0.9860114012
0.9796520892
0.9796414388
0.9737316224
0.9819556522
0.961784823
0.9393463154
0.9562153918
0.977365498461994
0.977849584694186
0.975885191616371
0.9855333372
0.9703644234
0.986800989603958
0.989219768490649
0.9595921358
0.928170838448834
0.979731911463823
0.9728764514
0.9708811826
0.9493604736
0.984436780273561
0.9592982132
0.9916929812
0.9888751304
0.9805318522
0.9842891004
0.9859473818
0.985270134
0.976296353
0.958991615
0.9694307438
0.955077654355309
0.9852498086
0.9723231382
0.9272195716
0.9740134232
0.9791848218
0.9919488416
0.9923936798
0.9457747204
0.946683274
0.9846198034
0.981834886348864
0.993681774453234
0.982876189
0.9661830452
0.9873243052
0.9716740064
0.9606097798
0.9687641972
0.9789877032
0.9741994626
0.9696444588
0.943927888958425
0.98659991
0.985085322970646
0.994694224859872
0.970731877318773
0.987332735
0.9824637446
0.949572971421991
0.9908183012
0.970270434095501
0.97508213671109
0.981037717797359
0.85900217645274
0.963033565534262
0.90789762150324
0.712240016488349
0.9859799614
0.9560504702
0.944690761
0.9839191072
0.9826525426
0.9711457168
0.9787623312
0.9767925918
0.952381003
0.9487153054
0.9721013016
0.9276027966
0.9748952978
0.982677196
0.9781780106
0.965517316
0.992414529
0.9764456514
0.9730843506
0.9726545986
0.9563897338
0.9816801778
0.9578659364
0.969620379720259
0.979408768017536
0.9682140356
0.977781435
0.989856366112732
0.9647139536
0.9677405256
0.9238681324
0.9784112184
0.9900408348
0.9574409248
0.9514374726
0.9761179992
0.9566411684
0.9743226758
0.949326959
0.9675469228
0.9634165162
0.9472223172
0.9631455922
0.9540725902
0.9517529118
0.975223463846928
0.9776780576
0.9555587082
0.954441695765386
0.960376560219161
0.9796353358
0.9675665954
0.9752732302
0.9746767442
0.9778203932
0.9482860552
0.9634973868
0.9667709732
0.9877392806
0.9718830036
0.954079743
0.9478177322
0.9627463514
0.9419016358
0.9544267686
0.9634584442
0.9062293234
0.9731700124
0.943173643547287
0.9672546562
0.9867011458
0.9835961228
0.9843900206
0.9845910326
0.9878656822
0.9808716586
0.523076673354458
0.307499516764788
0.243104194645555
0.248653220255928
0.466010506891019
0.288408532940456
0.242156552425108
0.262578079646488
0.368272115925472
0.324717445935772
1
1
1
1
1
1
1
1
1
1
1
1
1
1
1
1
1
1
1
1
1
1
1
1
1
1
1
1
1
1
1
1
1
1
0.219641842899432
0.32385548737115
0.372176845901911
0.250383989912997
0.325861686082558
0.236674709849413
0.412843088354093
0.25843492805807
0.306270070412817
0.175851747852083
0.192803162210025
0.29708616490215
0.246385140071829
0.318492299214365
0.24030373065156
0.53078451662116
0.9904916858
0.9472517364
0.9650163866
0.967310511
0.9546195122
0.9757776726
0.9881726862
0.9727625156
0.9819308104
0.9902278552
0.9843418914
0.9614928528
0.9906279294
0.9647555686
0.9694222764
0.9752768248
0.9749392492
0.9674244676
0.9788266618
0.9607103894
0.9778353306
0.946330557461115
0.9746879764
0.9684126162
0.9403601612
0.9662787368
0.9443933586
0.9781813258
0.95990724339437
0.9672632434
0.9215693072
0.9835630084
0.9842669012
0.96404535
0.9266766346
0.9467567466
0.9804665498
0.9698617724
0.9467299016
0.9395200936
0.979494488108707
0.9780121158
0.994128397634852
0.950275602
0.9688770228
0.9743600642
0.9872415161769
0.9454040638
0.94668178
0.9813161074
0.9844921624
0.8386955642
0.9736255394
0.9853646786
0.977536421
0.983843015
0.8826636004
0.9068132122
0.9745678326
0.9806620192
0.9829578478
0.9911396378
0.9658615502
0.9759210184
0.9318296142
0.9682869816
0.9765769814
0.943878931
0.977116866
0.958761885
0.961868282136564
0.9707678876
0.9815864574
0.979075755
0.93176977
0.9622238818
0.9667334068
0.9830252364
0.9867399416
0.978465117130234
0.9667749598
0.995105273
0.9788076026
0.9480237392
0.9760593068
0.969218063
0.9799373182
0.990971672
0.9750322398
0.9137385228
0.9949020906
0.9863152584
0.9863522578
0.974806874613749
0.9628911164
0.9950377042
0.9705741672
0.985878120956242
0.9865506166
0.98031234
0.9855815424
0.9696524324
0.97538924
0.959324668
0.9874350118
0.9723312196
0.9850237692
0.982800276
0.944030608759644
0.988611503
0.97732189
0.993059351
0.9881473674
0.971266224
0.9818619012
0.9869127294
0.9778374768
0.9925315502
0.9904352408
0.979541554
0.9736875346
0.9876210578
0.9889100128
0.989556788875716
0.9830785724
0.9772640798
0.9854846052
0.986721292
0.9865194296
0.9697714412582
0.988664667
0.970816193133542
0.9785964128
0.9891910332
0.9835457506
0.945298630613242
0.9846637276
0.9757434362
0.962221758
0.697005073572008
0.895968344909075
0.9680492164
0.949671277910256
0.976549947899896
0.987185958543834
0.9905445324
0.9864815558
0.9909983554
0.995290697
0.9592385932
0.922476951891561
0.9930408086
0.962045997859979
0.9469704812
0.9720801346
0.98967997515995
0.9913687038
0.987771436
0.984680881
0.9650887972
0.9813033634
0.9685036902
0.9897754056
0.9740933398
0.9789801604
0.9810966356
0.9683692354
0.992812448
0.995805292010584
0.9680975056
0.9762628804
0.9662857122
0.9763520876
0.9905359596
0.9811771998
0.710698341545522
0.9787744118
0.9623245902
0.96817295
0.9719427528
0.957596354
0.947415527
0.9850338152
0.9761499558
0.9570801344
0.9716647546
0.9809377342
0.9489878432
0.9757639044
0.9821771018
0.9561129706
0.9598772062
0.9752035088
0.968645193
0.9573123752
0.9739530978
0.9904638926
0.9863475556
0.9786387014
0.9791049296
0.9886048596
0.9598447614
0.935501606403213
0.971189161
0.9741117296
0.9186779496
0.9916356964
0.9756991388
0.9883387522
0.9905125124
0.9726044678
0.9735348162
0.9673529918
0.9716712732
0.908557702961901
0.938082934
0.7515356298
0.72572168820768
1
1
1
1
1
0.862037641038481
0.716997530170359
0.9298848512
0.984087696
0.9689618374
0.9354687724
0.986055012
0.9336221806
0.504881684931527
0.7186111370585
0.391424241906616
0.785840402240112
0.29479515219313
0.71890791489103
0.9911055004
0.973168746
0.77161291699715
0.630294457837354
0.871058282689042
0.979137482
0.9727418532
0.953789432
0.9780930562
0.968674036
0.9578651482
0.9699950788
0.9753869572
0.9835332286
0.947466891
0.9692189672
0.968090651381303
0.9794479556
0.973998998
0.971897512795026
0.9655422098
0.961286031344125
0.97113401222444
0.9946770248
0.9805328828
0.9809605716
0.984577179449251
0.9916762692
0.952423167863828
0.9909653308
0.9657976112
0.966417509340075
0.9737450988
0.9766585892
0.9798811616
0.9712848868
0.980459122
0.9597330398
0.927155132710265
0.9883492088
0.980151052302105
0.9879442616
0.990195967
0.9843759194
0.9822034576
0.9953264474
0.9891565548
0.9753154398
0.9808042614
0.9662500716
0.912906923801539
0.9772759202
0.982845809
0.98583608
0.9774900704
0.9706028362
0.952612694
0.9959704548
0.9777373652
0.97761654611085
0.9858382124
0.995358457916916
0.6744215896
0.9380093648
0.9523915432
0.9838479868
0.9630404066
0.974096551
0.9871292028
0.9721057434
0.9698432958
0.9645807072
0.9506288806
0.9605247668
0.9610271764
0.9850757716
0.9779091604
0.528719348395481
0.9827813202
0.9822701442
0.9866706518
0.97842989
0.9821946468
0.931195151888432
0.983336904
0.939848203
0.9560595006
0.9736846818
0.980706870988825
0.988874744
0.973923713
0.9826516678
0.9140659982
0.9481442414
0.967204509
0.988909808019616
0.979428508
0.981527465
0.9801033348
0.9796174062
0.9249907166
0.9589216042
0.9534385522
0.9639803456
0.988369087
0.9884493114
0.9899787648
0.97668706
0.9824068232
0.9797255594
0.9905657246
0.9926865242
0.966536058
0.9661220832
0.9582718622
0.9805816946
0.9785440596
0.983957727
0.9925418988
0.957953847
0.973950859
0.9550654138
0.924870574
0.986741348
0.988702538
0.979755460452243
0.9548504524
0.9548046048
0.988187189
0.9947273388
0.9860084848
0.99151037
0.988940701
0.95551260260647
0.972468725465689
0.9809037982
0.987933830667661
0.9800305322
0.9840709752
0.9927375072
0.9794552914
0.9817433096
0.9807207576
0.9675515868
0.9619739244
0.9886129978
0.990047828
0.9877182038
0.9310242568
0.9906027114
0.9956915594
0.993885068759169
0.9876034462
0.987172051
0.9543788914
0.9890473454
0.961493891537091
0.9914446916
0.9825115128
0.9875347436
0.9953768796
0.9935963262
0.9798646892
0.9767598572
0.981949249698499
0.9890824546
0.969402234651674
0.9807045492
0.9701300172
0.953909621
0.67852800268947
0.721845785454545
0.9721236664
0.964720967995546
0.9777989768
0.984961189
0.987862495
0.8122116336
0.8904871478
0.790605649
0.972933846
0.9318032806
0.9619692874
0.952355874023496
0.9569508568
0.9686829554
0.9245855252
0.962898074
0.9737427798
0.9844110384
0.9662318786
0.957006263
0.9859354334
0.9856678342
0.9846956556
0.9810239704
0.9930338868
0.9769541848
0.9295742834
0.969050691301383
0.9128051488
0.986873872
0.9967844682
0.9820131338
0.9523730408
0.968035185
0.997541751
0.9606755392
0.9660385696
0.975497915
0.974812168824338
0.992229853
0.961142983124464
0.980561868
0.9637763548
0.965368444
0.9585981508
0.9300250994
0.9784367792
0.9552438048
0.9740442846
0.942392729
0.9534987882
0.9625900664
0.975630708
0.964100023
0.96826475
0.939416377
0.9816791032
0.9565045278
0.9678199428
0.962366809
0.9851727632
0.9719104814
0.95901302745211
0.9867402002
0.9505590468
0.9782307262
0.9779846822
0.9902095712
0.9669645898
0.9835451362
0.9676284916
0.984087677
0.959645590291181
0.9638188606
0.9806116454
0.9772054294
0.9772401306
0.9645323704
0.9352439264
0.9841913694
0.9630793788
0.9879911508
0.9754537058
0.9593909168
0.9453022768
0.9530974848
0.9732150684
0.988401281
0.9922952546
0.978313929761272
0.986451071
0.985671974543949
0.9747240422
0.9783004906
0.9826460866
0.9008266916
0.8308443492
0.7884795964
0.777578419607302
0.893240352312565
0.946044855212926
1
1
1
1
1
1
1
0.742988301788312
0.864062640709161
0.9049096708
0.9732690798
0.927199523399047
0.98684036756147
0.965627776055552
0.946255427
0.964396253585014
0.9433961334
0.9803120814
0.949722622989499
0.954548073896148
0.9276966158
0.9895514288
0.95970815
0.978683256
0.8728959432
0.972765259
0.984358154
0.9888720494
0.979854050508101
0.9843209996
0.9770978332
0.972973206
0.9829863336
0.754080919561839
0.985827591765551
0.976388975377951
0.992925362694822
0.992661375508559
0.982860940921882
0.993906667164369
0.984865834025302
0.721420018
0.983469730478922
0.9748808992
0.9902041016
0.9746571796
0.958889115
0.9554548214
0.977278000356001
0.972779672559345
0.9857931456
0.9607055562
0.973987712150849
0.9334892222
0.9864300648
0.979745718291437
0.99191562483125
0.973409774019548
0.9883951122
0.984432347664695
0.989866146132292
0.9765039114
0.9519362528
0.98099151
0.9694231276
0.9625250568
0.9753485834
0.9816657922
0.9517328264
0.97301478482957
0.9787787999576
0.9388934072
0.9477751956
0.944156648055465
0.957495925342064
0.9123682524
0.8525820242
0.632907468
0.8518690094
0.9520290492
0.970260934843739
0.98114529706534
0.9539050022
0.9836047952
0.9328702172
0.9840062332
0.9100003304
0.985561348117747
0.955288546533022
0.974821359885439
0.974883423366847
0.954176022265961
0.9686249822
0.982623142635879
0.96596018
0.9736847362
0.9811621038
0.957425768103072
0.931491706783414
0.9802642592
0.973338326
0.944678719114876
0.967144989179957
0.970600291201747
0.97280487500975
0.9614383362
0.9820030458
0.988370621741243
0.9724265832
0.988815944631889
0.9756827228
0.976136963873928
0.959893965913773
0.9856870684
0.9438750964
0.988521446514716
0.94401833003666
0.9682123672
0.972501398008388
0.970947994495989
0.9873192512
0.992281808890853
0.971192600585201
0.983304835629014
0.9887437434
0.9711335756
0.9854912932
0.950979995319981
0.995738588631532
0.9793044194
0.987008737617475
0.975388323576647
0.974481102362205
0.9850846854
0.988189332
0.967145061633328
0.987139769518156
0.992731440451524
0.990554100708201
0.9924504784
0.9783969988
0.960665623331247
0.9828523908
0.9744193134
0.9890269684
0.982105999411999
0.965948748025941
0.9756850456
0.9905779556
0.95222783005566
0.9833820046
0.9965388028
0.981346935893872
0.9656658172
0.9750387986
0.9966266252
0.96349448694181
0.9629904284
0.9779375488
0.962179916
0.979454545709092
0.9868036332
0.96523376
0.9951333488
0.9897141744
0.962990518
0.965592470192094
0.9647250996
0.953126522159507
0.900803190511423
0.980286757
0.9743269708
0.9798746344
0.9788784272
0.9737976054
0.9766978522
0.974252112
0.9757520422
0.977147044
0.9690915336
0.9780608208
0.9676696778
0.98403687085877
0.958815292118809
0.9346114076
0.7514390184
0.9554902652
0.86834105
0.9043580292
0.9428895502
0.9801895134
0.907410037170259
0.9684556308
0.9703992062
0.9844033128
0.9689976366
0.993129391
0.9733863682
0.9788587252
0.986121198
0.9851849986
0.9833313516
0.9834506982
0.9609901044
0.9318325184
0.9720659802
0.9767989848
0.9859040826
0.9724032666
0.98742274284343
0.9558976108
0.9266247766
0.972918991493779
0.9500930272
0.9861551576
0.9563836342
0.9823208064
0.992912737
0.9842281802
0.9771176914
0.961742989685979
0.9847331836
0.9770560128
0.9508619428
0.9825577514
0.9750768308
0.9615348914
0.9549841134
0.954142965
0.9695782048
0.9696070174
0.86640754021508
0.9698551394
0.9734607898
0.975855101889811
0.9381710366
0.9485892888
0.9286683492
0.939343297279259
1
1
1
1
0.650014754230894
0.9276069072
0.9317443956
0.9426236628
0.9609187304
0.929765226
0.991234644
0.986993524
0.9619149676
0.9438842146
0.9563558002
0.9693173416
0.971767371
0.96046079
0.964146346653866
0.9458395634
0.9663856832
0.9916847204
0.9595648854
0.9479218998
0.9635581132
0.986905156
0.9440075086
0.9656006372
0.9732488634
0.9864735872
0.9780612462
0.9738354172
0.983438851277703
0.9595426776
0.972818318
0.9875368264
0.976227286
0.9848984546
0.9440441776
0.939566171
0.8991830706
0.943406794
0.9722957866
0.9507537174
0.986275746151492
0.9736839078
0.9271828184
0.976277703110812
0.9566521866
0.9654532506
0.9868067032
0.9524418984
0.9211147642
0.966004449
0.986298241796484
0.9868655802
0.9604892784
0.841868609
0.95948729
0.981699161
0.9762219492
0.9761123906
0.9712215636
0.9692720768
0.978569475
0.956898067
0.9887504274
0.9718295046
0.9820394
0.947399697
0.9518456288
0.9706261048
0.9692738672
0.9895291236
0.9743692132
0.9504001792
0.9347293826
0.9645682854
0.9763158414
0.9607479268
0.9843587176
0.9745968876
0.9778867232
0.9889834416
0.962528889
0.970217749
0.9781375184
0.9793213842
0.967044311593913
0.9760561822
0.915362023546637
0.9808969994
0.9672467372
0.974930697958122
0.9704586268
0.9758338802
0.9788686214
0.9366044674
0.9677427474
0.9916494856
0.965383614501687
0.988656791913584
0.973709056618113
0.9346125044
0.963149241
0.9304037684
0.97818626
0.9614910594
0.98433648
0.981113106
0.9898140774
0.9706133912
0.9877064606
0.983385417970836
0.976380681
0.9615392034
0.9827656056
0.9890714742
0.972466985
0.985559153
0.9824447154
0.948873585158355
0.9775284486
0.9634676602
0.985466275
0.9307472492
0.9867522142
0.9869087778
0.9746933974
0.9802297494
0.9795323596
0.9778174708
0.9513212742
0.9819655816
0.964720218830544
0.9738109798
0.9593670684
0.9815346206
0.9680590888
0.974506274
0.9688978734
0.9615774396
0.9645870634
0.9841059268
0.981117026634053
0.9756430852
0.9921323678
0.986322670599358
0.9870885886
0.9929183332
0.9791473582
0.979838216076432
0.9933109346
0.9649062174
0.981036975
0.976535135
0.993040481
0.993718259
0.989360122
0.9879887568
0.9844042842
0.9946648474
0.994389183
0.9914955182
0.9893774838
0.9852572656
0.9807494146
0.9743995854
0.983918283
0.982357091314183
0.98011813003626
0.9821633436
0.9830279338
0.97197913141929
0.979438558615523
0.9637188684
0.980062968227308
0.984372887
0.987590756452103
0.9894462696
0.9839784552
0.984167698697414
0.9739542112
0.987273345946692
0.9818722068
0.9800214638
0.9821369808
0.9869902732
0.9518180862
0.9760547596
0.9880140532
0.9784062068
0.9329239216
0.9500564254
0.961960958909704
0.967989417
0.94691719594671
1
1
1
1
1
1
1
1
1
1
1
1
1
1
1
1
1
1
1
1
1
1
1
1
1
1
1
1
1
1
1
1
1
1
1
1
0.35301811884663
0.639116299
0.876182932619709
0.927654810742102
0.985423495646991
0.9872681438
0.960361498741083
0.971593403
0.9746409502
0.9503946444
0.978769416
0.9760767126
0.952375688551377
0.9219555308
0.9762512062
0.9773032554
0.989327109454219
0.9842103756
0.986834134
0.9910656064
0.991627636
0.9685712658
0.9821747636
0.9689566796
0.972400947043912
0.9827177886
0.968607311
0.9723551986
0.989300435
0.979226002
0.989045239490479
0.9749990508
0.9725783422
0.9808005754
0.9658413198
0.9918647736
0.9618467618
0.9928794042
0.9626608474
0.9769174782
0.9559967438
0.9953990082
0.978407036
0.9741898774
0.9773579654
0.936160112520225
0.9659366824
0.960316737
0.9649039576
0.9661038876
0.9866159726
0.9642095112
0.9874360446
0.983273356146712
0.9779014656
0.968300509
0.9458168122
0.9857418068
0.969299917
0.9435253232
0.9568532046
0.9871918916
0.9634773906
0.9711366182
0.9700192948
0.961298286894654
0.97910893
0.9504455318
0.836395226390453
0.8941674302
0.9802760728
0.9828311098
0.9702660102
0.9841330446
0.979832336
0.9736667499335
0.9812176352
0.970146676
0.9161093854
0.9893076506
0.9833644778
0.9699990524
0.984060456
0.973229711
0.9769198172
0.9555662518
0.976897260594521
0.983210051
0.9939734052
0.9910471042
0.982461114
0.9071813262
0.982592262584525
0.9917377234
0.9864098794
0.9831777308
0.962498613341439
0.9766325408
0.98474244
0.9560468168
0.988573355
0.9933462462
0.9816515388
0.976479138
0.975784231418378
0.9954291106
0.9836354438
0.9874714964
0.9753854126
0.9771314826
0.984052261904524
0.9798493332
0.9691305592
0.973306442
0.973928616257232
0.9707110236
0.9806471492
0.969519108913267
0.9789984666
0.9657663918
0.9837169526
0.966355004
0.972125657
0.9579245548
0.9761024032
0.9710633112
0.9700084498
0.971408792769012
0.9633517906
0.9874880638
0.9849612604
0.9756670066
0.9916640548
0.9874501356
0.9778358042
0.969683757
0.978589739373016
0.9721472398
0.973498847
0.9821233952
0.982190122
0.976942049484099
0.980972664
0.9956229836
0.9840570006
0.9687642426
0.9852138876
0.973919015838032
0.9804152414
0.9527777406
0.9703754844
0.9843156066
0.9815216622
0.977430214
0.9864307038
0.9609726648
0.9754004762
0.9878146918
0.977208912427486
0.9466715706
0.9870074892
0.9874053368
0.9787427444
0.98545453
0.9757685968
0.96567617
0.979290946181892
0.977902857005714
0.986325338
0.9845145386
0.9853654692
0.982465076
0.978354047
0.9825010578
0.975525094300377
0.984808458
0.977609534419069
0.9742855072
0.9872869948
0.9700760988
0.9863375468
0.9707352872
0.978687796775593
0.9841612498
0.9804871474
0.9755397296
0.9714953058
0.989806672292977
0.922377151
0.981238527
0.9685226322
0.971386688626047
0.949636604879295
1
1
1
1
1
1
1
1
1
1
1
1
1
1
1
1
1
1
1
1
1
1
1
1
1
1
1
1
1
1
1
1
1
1
1
1
0.545469197437762
0.432793040958744
0.357673533873564
0.745429031261616
0.927440713
0.9497668342
0.982260630746491
0.971760810637488
0.976497053855356
0.958094283465292
0.9819311068
0.9353488564
0.939916280497683
0.9621836026
0.954324167
0.9517964432
0.9723751068
0.9655568218
0.961695241
0.9192335316
0.9529522206
0.9787799528
0.970533143
0.978455245
0.960789418
0.972735399553996
0.9770653942
0.9552625328
0.9694018372
0.975487092
0.983752459
0.9860093522
0.9569532022
0.9613106812
0.9733985994
0.9701878934
0.953289403178806
0.9759250568
0.9579756372
0.9584959786
0.973051631103262
0.955489136933028
0.9617251972
0.9203939194
0.9519372012
0.9682140166
0.96193744749958
0.963425709
0.9671155598
0.9638352408
0.9337651174
0.97503644
0.9544875096
0.9429689866
0.9548556264
0.9465738406
0.9441909396
0.9635440208
0.9701168984
0.9684246142
0.935155571
0.9719138556
0.962579666960218
0.9794293404
0.9786788442
0.9766697456
0.974151002951858
0.9669996916
0.959062041
0.9755537706
0.9574613344
0.9835291512
0.9622776116
0.975917724
0.9826398368
0.972725985
0.9603041682
0.9733599128
0.9594009008
0.961737629
0.9704889506
0.9844250122
0.9749481228
0.9539743968
0.9630064598
0.9663189452
0.960286246
0.9890293234
0.9608612664
0.9582548868
0.966798511522055
0.9833558602
0.9857173698
0.9814784106
0.986679655
0.967388105
0.9592650612
0.9607932501865
0.9706121014
0.9801845864
0.9764218258
0.9940911174
0.986324063
0.9911436434
0.9601584658
0.9598397398
0.9721950664
0.9556300572
0.978117772910917
0.989507589
0.98050314776998
0.959397462394925
0.9835670466
0.9823669862
0.990742562014899
0.9885394722
0.9946172598
0.970377853
0.9909306374
0.9830153966
0.991368467625338
0.990550627
0.9639424716
0.9725450672
0.9559862036
0.9838150878
0.971262845
0.9737807802
0.9758786644
0.9914266546
0.9883190826
0.9827854452
0.9898803246
0.9892975966
0.9826833192
0.9697269874
0.9375289148
0.9708387194
0.963563290916578
0.9875613388
0.964970667
0.988046977
0.9868609354
0.9886210368
0.973155017
0.9879779562
0.977107155366475
0.974092888
0.9836785918
0.9731901418
0.9780369864
0.9918696568
0.98750389387009
0.986459572366184
0.9915486898
0.9881032846
0.988588703
0.9888123086
0.9900059718
0.9922320048
0.9907494414
0.9855881938
0.993075179
0.994556331
0.9857531708
0.9921341382
0.980839887051747
0.9809167586
0.9777525634
0.9806652896
0.9841028334
0.9848590046
0.9819519206
0.9781599554
0.9549083626
0.815784727518279
0.899131149088914
0.963035161670454
1
1
1
1
1
1
1
1
1
1
1
1
1
1
1
1
1
1
1
1
1
1
1
1
1
1
1
1
1
1
1
1
1
1
1
1
1
1
1
1
0.647221968497415
0.5382211482
0.461133540417351
0.475817884652139
0.421041388166656
0.684896403708952
0.700620982186615
0.677896110209898
0.9707607766
0.811276326
0.9445723694
0.976302867
0.9915282208
0.9912611046
0.9873719326
0.981197147977184
0.9875870676
0.6758966582
0.577031112980073
0.9778727868
0.987153553707107
0.491780857
0.7052179542
0.9905846344
0.9055147248
0.590615514324115
0.8392083132
0.9831820462
0.9796163566
0.9268292806
0.932713461
0.9596582552
0.99062887
0.9667120634
0.986202577942206
0.9292966568
0.9845405042
0.983952364
0.958043952
0.9684149708
0.984130201987881
0.984047017788071
0.977896197192394
0.9758087498
0.989520719
0.9860926384
0.9785291368
0.9673760362
0.8463132646
0.9555921244
0.9141629074
0.9477288968
0.9790952098
0.9593782316
0.9652804646
0.954204394608789
0.9954612732
0.9932338054
0.992916612
0.9444343
0.9579586936
0.9848463092
0.9794900034
0.959118572
0.9662310484
0.9798928388
0.9754749344
0.955779645
0.9721487958
0.968045603
0.9569902462
0.9551830792
0.9712032982
0.9401727444
0.9732890158
0.9952810516
0.989322718255952
0.972834768
0.9919442996
0.9881312594
0.9790491538
0.9841652902
0.9845868398
0.988950322
0.9832320716
0.962824594
0.9910358302
0.987277734688286
0.9797585374
0.9740147814
0.980167695589786
0.9833454988
0.9846195098
0.9856740652
0.988557984
0.9806768238
0.9872170064
0.988020621
0.9805583126
0.993012543025086
0.983088473
0.991668418
0.9596992762
0.9652014562
0.9707624722
0.9723114758
0.9342256028
0.9804797524
0.9744126222
0.933920238240477
0.9793934862
0.9004833678
0.9493631572
0.97843993
0.9566065626
0.9610768358
0.9428849936
0.980288434832692
0.9409220222
0.9788155002
0.9618699826
0.989290788581577
0.9920033516
0.9832466604
0.9133184186
0.59316457790019
0.861957734766364
0.9617597022
0.9726399394
0.602923624120157
0.917633981505522
0.832864742328639
0.9868917024
0.97872668
0.966209131577263
0.9431402286
0.9677104738
0.9857767082
0.962469083
0.9805845984
0.9647054606
0.9824968792
0.985158311633247
0.9720589794
0.974538947
0.97943587
0.9712127502
0.975398456396913
0.9612451424
0.9809187054
0.988851387
0.9931540498
0.9949054838
0.9926250038
0.9744337674
0.943083891
0.9923199732
0.972372331744664
0.9927880056
0.97561953494456
0.9585739722
0.9513875154
0.9721316094
0.982797467789871
0.756195952768848
0.940086036241038
0.9731049294
0.9633678476
0.9826990872
0.9385310012
0.8804971892
0.976479855359711
0.9845872056
0.9890981812
0.9865104254
0.927053604532338
0.9865043882
0.9939673358
0.9935020218
0.9962652494
0.9882727984
0.9809393586
0.97557445544755
0.9827527362
0.9634994406
0.9775084794
0.9925067258
0.988611086822174
0.9584191986
0.9700999844
0.9923094664
0.9785509268
0.9913327894
0.9805689918
0.6022166578
0.5921340498
0.9910027134
0.5922123728
0.7391887032
0.9894176988
0.9743701594
0.485286084472557
0.651522613219857
0.9879972164
0.9913911224
0.941275646
0.9233909922
0.761231417262834
0.6953876248
0.8873234872
0.8520395242
0.9889339696
0.98603419
0.9905891214
0.9885619734
0.9859410076
0.988583639
0.979998430716127
0.9904307138
0.9925730628
0.9920666558
0.802338729
0.730260367299289
0.5784068836
0.8224092584
0.7825602756
0.9811913854
0.9514134694
0.875723598574679
0.430293984
0.541338466214244
0.313374720586922
0.582622934
0.829028449377702
0.848995405706375
0.9357420772
0.9422114654
0.845983011229832
1
1
1
1
1
1
1
1
1
1
1
1
1
1
1
1
1
1
1
0.659652929247079
0.96482547525095
0.9521592264
0.9454898844
0.9707110796
0.9694287412
0.9762108472
0.994860005
0.9871060776
0.9956215956
0.9729056096
0.9928521412
0.9680689002
0.9909653558
0.967689024
0.9880564698
0.9807646956
0.9900952918
0.998019108
0.9440540764
0.9763240944
0.9846490964
0.9871563888
0.994101827036541
0.985949264052988
0.9582266888
0.9633590468
0.9409444794
0.9717886162
0.952058455
0.9866632646
0.964050067
0.9873811302
0.9731073058
0.958510038217783
0.9900949158
0.985625473450947
0.9927647362
0.9663908436
0.9718311526
0.9902810942
0.9784604406
0.9889167692
0.9821658598
0.988741361
0.9720413862
0.9825498958
0.9147852014
0.7835729054
0.9390206168
0.9816094006
0.975088735109881
0.971133429
0.9617581102
0.9959987692
0.9827380374
0.889414369228738
0.9623127598
0.9825819744
0.952459415987478
0.976811731223462
0.980577094
0.9919377062
0.9869800124
0.9941562542
0.9966646236
0.9926017986
0.995240422
0.9704174704
0.982950948954189
0.9863787168
0.9819637722
0.976257539
0.9972658406
0.9944240628
0.9811370596
0.9859844042
0.990284862
0.9868492826
0.9823172804
0.969912909973762
0.98696034
0.9873398166
0.9582385826
0.881180223219742
0.9813056326
0.9662896696
0.971318033
0.490781366011815
0.926774761124176
0.9361280496
0.954328309682127
0.9721506382
0.976210614648038
0.9795936014
0.8577790194
0.9682043904
0.9842341498
0.9762929438
0.9629802374
0.9757244194
0.9879023256
0.962393245986492
0.9784470382
0.98394087301746
0.9833148332
0.986554131308263
0.9850216882
0.9703879758
0.9835901482
0.98312071
0.984648872
0.9670764562
0.974685312
0.986461091
0.9909087738
0.9828153242
0.9561993596
0.985688809632367
0.981327984167905
0.751149200349578
0.975227389
0.7839040804
0.9761177814
0.9873978766
0.8661259934
0.679373417346835
0.735538726
0.974123232
0.7923944204
0.7821241242
0.97575413172479
0.859027798262162
0.903475839817321
0.85447384827806
1
1
1
1
1
1
1
0.752906324586067
0.915678704722063
0.9735435876
0.974664625748293
0.9820275038
0.9835100668
0.9752390824
0.9703188978
0.8706263304
0.9639889486
0.9529477174
0.921173653947308
0.9469369924
0.9869005938
0.9857639644
0.951610427
0.9945498962
0.955735910321685
0.982344142428486
0.626378336535371
0.99425734418778
0.98646492420722
0.846678864035114
0.83569806228351
0.964931744406287
0.9804422408
0.9912628758
0.98353711007422
0.9910861128
0.9468600386
0.978989500799826
0.9761707078
0.973832497464995
0.968071008583186
0.9808889282
0.9746688806
0.9822096062
0.93992821251285
0.871191795
0.7255257606
0.7616558444
0.8969702398
0.9285693088
0.990035602284818
0.9857108242
0.9815070514
0.9884481362
0.990578313002398
0.9922772186
0.9720588972
0.987791787583575
0.9696010572
0.9826959518
0.9830422554
0.9663324534
0.9772495416
0.9788488438
0.9853755964
0.9661895808
0.957355734
0.9915503326
0.9906848924
0.9911345262
0.9810581796
0.974477950468865
0.9779141248
0.931265898
0.8959956156
0.958352276995258
0.9802793224
0.9825942716
0.862515221
0.9581759416
0.9872922572
0.96952016832101
0.991139742341438
0.8322809082
0.990759617
0.9883082032
0.9877262368
0.977517856671427
0.9845909892
0.9786407818
0.952707766003426
0.9739685532
0.97379595
0.9713047692
0.9799231734
0.9759592198
0.983270409
0.9912276464
0.993029836059672
0.985134338868678
0.9870147786
0.9877681514
0.9918476338
0.987790206136069
0.972503317092879
0.983642593285187
0.9817516078
0.9762539794
0.9879457524
0.97978505977012
0.9849087716
0.9898965552
0.993088426821599
0.914323318965416
0.9817517936
0.9802207848
0.990372291606687
0.980569711908203
0.980252022
0.9723804008
0.827215197429803
0.891351876734694
0.953498848745058
0.9784655672
0.95937901
0.975731166724667
0.977277359554719
0.9876344088
0.9796529614
0.9819388592
0.969404829419318
0.9754397418
0.977954905
0.9757751094
0.9853593548
0.967111500623001
0.9738603082
0.98355076397318
0.9710083518
0.9735048984
0.985065624531249
0.9908938086
0.9384134124
0.9801406474
0.9300114628
0.9092489106
0.9771833662
0.977101961
0.9656634798
0.694428724
0.691252842
0.507058506510892
1
1
1
1
1
1
1
1
1
1
0.878216632639764
0.985765421816335
0.9765759338
0.992387401774804
0.94498131
0.9761568032
0.9909670722
0.9861320464
0.9676143888
0.9897838664
0.9816469302
0.97949148
0.9841194598
0.9696022636
0.9642792726
0.96285157
0.979259681319363
0.9878928118
0.9837896618
0.9840624282
0.988884681
0.982224355546133
0.9788768754
0.9683283084
0.9787470514
0.9790927142
0.968261956
0.9713043684
0.9607725078
0.9698120804
0.953275736351473
0.9780515622
0.9833537096
0.966128337
0.9649282628
0.9931907344
0.9970218764
0.9825378036
0.969755575
0.9737722794
0.9869076084
0.9936490106
0.973832158585903
0.9868327816
0.9672456682
0.9731297498
0.9723645362
0.9660755268
0.9859067652
0.9820037102
0.967287967276173
0.987167467404804
0.969607165011482
0.972063394650442
0.9697793716
0.992047102
0.985099200798402
0.9530463362
0.9673462216
0.9608751564
0.9932720644
0.9826583344
0.9598576476
0.9845076956
0.9925154566
0.9704549384
0.9666296336
0.9625989696
0.977135181231026
0.9945190862
0.967874686
0.9767095572
0.982575518
0.9675775928
0.9757703
0.9901616346
0.9821243958
0.9682190498
0.9834028852
0.9628740902
0.9768005056
0.979404974
0.972262889
0.981498572982658
0.9753722288
0.9897539246
0.9669985956
0.968842611
0.9755667768
0.9837631864
0.984525811
0.9942586152
0.9785888916
0.9803395422
0.9843321232
0.9794401752
0.970570705
0.972685975971952
0.9831815348
0.977477736
0.947116568
0.9760762262
0.980873818147636
0.9844341266
0.9803959606
0.9663498244
0.9857412202
0.9863754866
0.987423958718703
0.995306850613701
0.9817179996
0.990280695
0.977059761358568
0.9683705314
0.9775369814
0.981613586700054
0.9765054124
0.9499023246
0.9612255368
0.966947419314671
0.5992120775
0.967059904319809
0.9754852544
0.9767822774
0.980247863095726
0.97156961
0.9789091974
0.97756002
0.978889257778516
0.971957285314571
0.9867812916
0.9713479404
0.9827292548
0.976683764
0.931812249867252
0.985680768123072
0.9509745298
0.895978437016077
0.972887063
0.9754059124
0.9819593828
0.98369225
0.981505655239475
0.9554325094
0.951075708351417
0.9766983708
0.9889026888
0.980489044756179
0.9496770184
0.9754802518
0.977981287762576
0.958842549685099
0.985954016
0.98279531019062
0.984638070876142
0.9788226062
0.9824660842
0.986687655775312
0.987469808
0.9666716606
0.907691590040752
0.9423751722
0.975443371146969
0.9425627658
0.9371951866
0.9265866448
0.9560718392
0.957041778873848
0.874827471381889
1
1
1
1
1
0.932549147518968
0.954726121452243
0.9623420942
0.969656442
0.9584675276
0.982092684185265
0.9798056228
0.993565278861115
0.996261244
0.9938374048
0.992831264
0.9540498282
0.9854436896
0.995630056860114
0.980216974
0.948388155976312
0.986978499713999
0.984817930635861
0.8853913644
0.9733627952
0.8891257444
0.963400390006704
0.9810192654
0.9656729158
0.9805125126
0.926716654653015
0.9631129142
0.940784235536942
0.956613688219011
0.978741312182251
0.9874940826
0.8119515816
0.797251568231365
0.9836246188
0.956243349100889
0.976582569339026
0.9841517416
0.9801026686
0.972982308764618
0.9852828896
0.967845851291703
0.8830864466
0.9825810514
0.9767296878
0.9540381324
0.9772863528
0.886280935
0.973179356558713
0.979319561517369
0.977251445302891
0.9796972736
0.942652022
0.938334675
0.961014539
0.950906337576093
0.905630921946858
0.970541067682135
0.958992440384881
0.9605836948
0.983766150932302
0.9744911026
0.9556018402
0.972828237912952
0.810023452105249
0.965019610825404
0.990266777333555
0.9804665442
0.9743238132
0.9891069762
0.9735358964
0.9721132924
0.9771038978
0.957649826055506
0.988493620574482
0.96263385890855
0.977015411215757
0.9718756722
0.986653867
0.9766493726
0.9819876868
0.975880403960808
0.9782598312
0.9867663474
0.977672162
0.9870540878
0.9924138754
0.9937320628
0.9787002974
0.946201084108935
0.950089290978582
0.981174700549401
0.976906503013006
0.9712424782
0.9906002624
0.978413197426395
0.9885250272
0.9929748364
0.9763811888
0.972881772
0.992513080452322
0.9670967552
0.9552369162
0.9758350252
0.976794749
0.9879509074
0.994678573471441
0.975410296861781
0.9588085236
0.9573999602
0.976277737355475
0.97154114
0.9151020614
0.991746229292459
0.9594747794
0.9602673488
0.809803732301416
0.743771449227464
1
1
1
1
1
1
1
0.71465177386999
1
0.949339139363752
0.9853008442
0.9840688292
0.985134977509415
0.9856385388
0.9812280122
0.966368493536987
0.982641544766179
0.973257639794539
0.986431755196767
0.98514005896842
0.9749248438
0.981230736861474
0.9923536428
0.986398513994931
0.9872297408
0.9746350614
0.965755999511999
0.98239652998612
0.9812381174
0.9791606032
0.965298894597789
0.9812676278
0.972871433
0.977962278
0.9684299292
0.9908379978
0.990727143
0.987376609553219
0.957007465614931
0.995191516383033
0.994794633557069
0.988206553058714
0.9503487574
0.981207709478641
0.975320396853516
0.9865419986
0.9859278392
0.9882226526
0.9864693568
0.9956301936
0.984679337
0.9908046722
0.9881762362
0.971838536938465
0.9669806852
0.9834365216
0.9610120512
0.966717703235407
0.956128688140243
0.976575737
0.9897646374
0.9928980854
0.9962946736
0.9927264512
0.992154371308743
0.991116317
0.9795455294
0.9900417572
0.980777176908708
0.989422826
0.981391223364893
0.9868128068
0.992406087269124
0.9899444236
0.967759457518915
0.875168611089495
1
1
1
1
1
1
1
1
1
1
1
1
1
1
1
1
1
0.493878359733282
0.473476858503389
0.390238351573546
0.612119320129929
0.824295586215666
1
1
1
0.802827521057557
0.5213048566
0.6063631668
0.952855222441779
0.9555000196
0.98945287741151
0.9710828666
0.978061517107308
0.971642122284245
0.925557824546947
0.965395378990758
0.985712077624155
0.9702964884
0.976990530943186
0.979800523202093
0.984750470801883
0.991986046944188
0.993773567988544
0.985257356347127
0.989856301112602
0.97294403008806
0.990627879767279
0.989419850558804
0.990062105772635
0.9850671000684
0.991772543890176
0.978409477056862
0.986819071781436
0.9879195738
0.988000181
0.897760847321695
0.9572836666
0.975412306246125
0.981315107430215
0.993666432131457
0.990233870267741
0.982823991143947
0.992908182098185
0.979700931341564
0.98002156085873
0.984358098064785
0.987297347178777
0.975475882710593
0.993320683406834
0.992613942483655
0.9792890984
0.986077364154728
0.9816290948
0.986541393282787
0.976077796555593
0.984720380563045
0.990155181959017
0.9889801734
0.988078390556781
0.986305724657247
0.9582337404
0.978589773379547
0.9858889804
0.991970000564521
0.992075126350253
0.9767193506
0.981604259227548
0.9859782892
0.981787245744915
0.977094856193916
0.988933379266759
0.9738290124
0.977368615274461
0.910564981264977
1
1
1
1
1
1
1
1
1
1
1
1
1
1
1
1
1
1
1
1
1
0.68334512195122
1
1
1
1
1
1
1
1
0.466293616605106
0.359365536402362
0.570399280998462
0.774460021918729
0.958132092768268
0.973049732237343
0.645789928787396
0.461892346848709
0.978821041437829
0.989641439
0.912048336260246
0.943589099166843
0.476736228049673
0.900368996745889
0.889691318795181
0.937198949031517
0.939138265318368
0.911333117177952
0.928602469197596
0.911842157884316
0.9407446338
0.973050726901454
0.9910459332
0.986806029836179
0.995578124068744
0.990869205160883
0.937303906
0.9532843312
0.972039335678671
0.9817019426
0.989052621001608
0.985939215678431
0.9714293972
0.9783571372
0.958388661
0.977686843921064
0.986936876
0.991016518899113
0.9912642286
0.940775161001288
0.98158867755471
0.986128695857392
0.970845862617955
0.993942970715649
0.996594045333077
0.9806564492
0.953790931309313
0.9760659746
0.973185164135228
0.987161662523325
0.989611366
0.9706916814
0.9778082986
0.9797777678
0.971102213244652
0.952095776211189
0.988199939778561
0.9905406292
0.986841585
0.988741708
0.98381448997388
0.9927253324
0.989640625450036
0.983209392018784
0.98233526469429
0.992159630777847
0.992106365458313
0.9770084956
0.989797568348102
0.987083624636419
0.9798181442
0.8567462680667
