0.16703558317876
0.569397319443748
0.943186445
0.9179850804
0.9806870844
0.916571090876359
0.9884367456
0.983160090126904
0.9761609674
0.9861795562
0.9800763086
0.9847070684
0.9829584316
0.9833658618
0.979429451
0.9831988852
0.984963642
0.976036714
0.9884984584
0.9805069068
0.977112094
0.9923347436
0.9709360986
0.988112471
0.9860832408
0.8382014686
0.37925100370961
0.691225393194993
0.9852325532
0.9774681656
0.9917496512
0.9825012846
0.9763632746
0.8487050522
0.843637164046752
0.9884982292
0.9927879568
0.994030259
0.9959408014
0.9854378022
0.9855385762
0.9924817088
0.9724172458
0.9529138838
0.966105867
0.9960004448
0.9893300648
0.9814946536
0.9663198624
0.987212867
0.9787313534
0.885914079
0.991387722
0.9748384698
0.9743786734
0.980070192
0.9756565614
0.9744960808
0.9808715066
0.981212767668431
0.988033673434792
0.9654665166
0.985928365
0.982040251
0.9885790442
0.9771556016
0.977905231
0.9762684844
0.9743410544
0.9696911686
0.9679819544
0.9732716164
0.9881558488
0.9835354486
0.992923583
0.9737565956
0.9787702408
0.9883985206
0.9753420174
0.9669346746
0.9614663208
0.9732160604
0.9845877792
0.971852559
0.9799056466
0.9710930206
0.9848519614
0.9680634888
0.9922894566
0.9909635882
0.9802195678
0.944735518
0.964951652
0.9745439654
0.9073401564
0.9258247172
0.9879781294
0.928570053
0.9840973482
0.951702819
0.9298202214
0.9884818152
0.9663957054
0.9770886774
0.983775234
0.9728252002
0.9742763736
0.9872783158
0.9896481016
0.981660475
0.9701475726
0.9795670384
0.9817944672
0.9734613532
0.9876044522
0.9907787376
0.9831999158
0.9419398236
0.9783244704
0.9653792294
0.9526603218
0.949228295
0.968669277
0.9954175278
0.9745989764
0.9837646612
0.971365
0.9745643586
0.9908327404
0.9625792842
0.9882202116
0.9719587774
0.9421229848
0.9561792494
0.9759867422
0.967455197
0.9843298912
0.9808068708
0.9445717192
0.9621843562
0.9545045366
0.986366085
0.9661327102
0.9573931312
0.9799767506
0.9872629968
0.967404103
0.9736067536
0.9921219118
0.9578704996
0.9625287998
0.9465238736
0.9486069148
0.9804943598
0.9600850746
0.9799210304
0.9776253876
0.9605577212
0.9702512176
0.9698819626
0.9627360374
0.95949916
0.9642949276
0.9847615152
0.9927434812
0.9652716638
0.9855001996
0.7078105452
0.9823410106
0.9702322004
0.9947690344
0.9780605836
0.9346697804
0.957498141
0.9462620776
0.9849306958
0.9911726454
0.9816592526
0.9814263016
0.9363432488
0.9706390272
0.9593861908
0.979290963
0.9305512524
0.9840713336
0.9641936582
0.956710256
0.9608640178
0.964297963
0.9660538068
0.9855071302
0.9712944752
0.9936885158
0.9474908352
0.9612301322
0.9661637322
0.9887347418
0.9789053268
0.9715933334
0.9536235888
0.9811032784
0.985021491
0.9566894732
0.9891462986
0.9802350768
0.9558424466
0.9572579738
0.799208820071519
0.780613694
0.9703211958
0.9395311746
0.9781104786
0.9621190516
0.9713211836
0.9861640944
0.9903501318
0.9771304172
0.776295281
0.9385160218
0.9820176916
0.9559111086
0.9931489286
0.9833855386
0.9612936464
0.9865919916
0.9469133874
0.9721558054
0.9618528562
0.954912359
0.9735859898
0.97632776
0.9699079522
0.980076628
0.975042861
0.944136069
0.9566249822
0.9775776834
0.9694728506
0.9254994324
0.961122253
0.9562780198
0.51191145327046
0.565711889939552
1
1
1
1
1
1
1
1
1
1
1
1
1
1
1
1
1
1
1
1
1
1
1
1
1
1
1
1
1
1
1
1
1
1
1
1
1
1
1
1
1
1
0.408519827642591
0.380210172190614
0.39201030536642
0.282903725850571
0.619543404153163
0.6824384786
0.714681867803383
0.324289626958605
0.9071650454
0.860666614
0.4909648428
0.162294490201647
0.344063679758985
0.65929332814807
0.580242893821823
0.9831267772
0.9670675704
0.9831042156
0.980805693
0.9265559176
0.9465864138
0.9547710466
0.9823210626
0.9728892244
0.9820296296
0.9740190952
0.9349769656
0.9792822372
0.9883768626
0.9610050696
0.977155333
0.9328902452
0.9584613144
0.946906496
0.9501216572
0.979932775
0.9557172626
0.9179779708
0.8774699364
0.9749787656
0.9532259566
0.9802348328
0.9568034728
0.9560239628
0.9857993836
0.9839753562
0.9678029796
0.9295786638
0.9727232402
0.9948140784
0.9867469648
0.9744514176
0.9634785698
0.9642706736
0.977843054
0.9432112122
0.9805936596
0.970090294
0.9696683318
0.949724878
0.9658844386
0.9582421184
0.962932041
0.951071044
0.9236585006
0.9758341058
0.9766618464
0.9552537402
0.9868123748
0.9785524604
0.9436583222
0.9756348136
0.963806101
0.9742779272
0.969143814
0.974597766
0.962440734
0.9742852422
0.9812622176
0.9839906942
0.9856201228
0.9868202566
0.970925666
0.9712874548
0.9667579934
0.9686037724
0.9505740176
0.970325429
0.9737207856
0.973847495
0.9492837106
0.9847544312
0.9709422622
0.9555193556
0.982092952
0.9902618264
0.980889092
0.9729529082
0.9857850176
0.9661256396
0.9763437902
0.9838299094
0.9637916602
0.9688433252
0.9855283316
0.9828626036
0.9724089252
0.9625804266
0.8997100138
0.988626285
0.9534394844
0.9668370474
0.9890593686
0.9882354592
0.9656793886
0.98587111
0.9836676752
0.9829819636
0.9874999864
0.9187432458
0.9596630194
0.9785862548
0.9820979252
0.989493021
0.9956530348
0.9807433594
0.98188654964534
0.691251122837645
0.9058866264
0.9804397846
0.9005122048
0.9964524874
0.981567553
0.9771341912
0.9910142188
0.9673364402
0.9828125174
0.9440247064
0.9728508926
0.977376511
0.9718331492
0.9574949728
0.972327747
0.9966701734
0.9832566608
0.9811102718
0.9728422884
0.9738754244
0.985614741
0.9941347716
0.9729688356
0.9811746386
0.9773809144
0.9874825588
0.9570667694
0.9519515792
0.9829566994
0.9824344296
0.9878119126
0.9744610542
0.896913189
0.953126958
0.930891387284393
0.7783787008
0.9859529258
0.9408733348
0.9786593584
0.9791571996
0.9868890208
0.9709765934
0.9677348472
0.958790555
0.900554767
0.979871184
0.9841187204
0.9876341406
0.9820011324
0.9863416092
0.975189024
0.9592006138
0.9908662314
0.9873339718
0.9827652498
0.977323901
0.9602547816
0.985679029716569
0.9766164636
0.9844696198
0.9810293844
0.960744552
0.9831259314
0.9781827786
0.9890504338
0.9861056188
0.9712846918
0.9895139982
0.9884312192
0.982796361
0.986139185
0.9205649754
0.9404900678
0.6812317482
0.9800966612
0.9920490828
0.9679903162
0.985029559
0.9737307338
0.9693634696
0.9555499598
0.9549944406
0.9520668092
0.9001769536
0.796071076609475
0.888178258198632
0.967573930204082
0.9731081492
0.935749011
0.969021313
0.9727603488
0.9869976356
0.9632176286
0.966568541463404
0.9761686556
0.9654939968
0.971740798997877
0.9690886788
0.9863464066
0.9965867734
0.9853467928
0.9935309824
0.9733999182
0.9942982416
0.97337502
0.9893324276
0.977316537
0.9881338892
0.9708520724
0.9827995
0.9836881836
0.9677554144
0.983515535
0.9457959664
0.969697927
0.9500143294
0.9892725968
0.977098815
0.977145459616714
0.9763660554
0.9839110408
0.9825186658
0.9567459034
0.9805145616
0.9347558184
0.9753131512
0.9820331846
0.9859546452
0.958962655094947
0.980325132
0.9744522282
0.9835746048
0.969351927
0.9794987928
0.9688033388
0.985891648
0.9808419864
0.9782565176
0.985136278
0.9887561034
0.9872164244
0.974033264
0.9828962342
0.992565043
0.9856353596
0.986186142
0.987243146
0.9822131302
0.9661518474
0.95797502113898
0.9687764156
0.9781744378
0.965150648030802
0.9830112776
0.982830282
0.9525447436
0.9629718134
0.9617095722
0.9409849746
0.9861040532
0.983550067
0.971570162
0.9637427504
0.9789232242
0.9894125668
0.9799809116
0.954179691
0.9870232686
0.9818349444
0.962431187
0.987109325
0.9832858082
0.9790555028
0.967194633
0.982880606
0.9813125362
0.9673657888
0.9931436418
0.9898412706
0.9861234092
0.9851212472
0.9828633066
0.977248253
0.9670818914
0.967800449
0.9657294876
0.9907563492
0.994423034
0.991890876
0.9567997968
0.970078135
0.9785849268
0.9779096178
0.9674708454
0.9850354546
0.9919813838
0.9926790632
0.9602067168
0.949667026
0.9465469668
0.9650131406
0.9403009106
0.9706424666
0.9710777042
0.9749948714
0.9735562358
0.9464349946
0.9884308218
0.984107776
0.9856645454
0.9856216666
0.9497121832
0.9673031864
0.9632863362
0.9721213948
0.9908002664
0.983510614
0.984904388
0.9364116314
0.9521296568
0.9759656652
0.9587101936
0.9854878546
0.9582992434
0.991654037
0.9862378438
0.9805265842
0.9794075466
0.9398335816
0.9782558042
0.9635868122
0.958518864
0.985224937
0.9334324552
0.9506389846
0.9902480374
0.9655835856
0.9813852926
0.9654534774
0.937063918
0.939287593
0.947306538
0.9731444796
0.9652760194
0.972190475
0.9675520898
0.9795786522
0.9931296094
0.978752808
0.9734604188
0.979044202
0.9881898702
0.976283786
0.9697832384
0.9520156874
0.9699871712
0.9805072366
0.9782882662
0.9830620074
0.9434585156
0.5265703226
0.480722935164051
0.6501906428
0.9886202694
0.7821878722
0.624967508359699
0.529598759864963
0.240075034403161
1
0.530420073253198
0.453473402898302
1
1
1
1
1
0.597562065593198
0.9287371654
0.7294068274
0.7772749232
0.9605125586
0.6784526682
0.728138767
0.9731689354
0.9909656598
0.9477573546
0.9885278586
0.9505942104
0.990979331
0.9775011292
0.9813190354
0.9862736972
0.9688911192
0.9812885474
0.9830707996
0.9923275544
0.9893410244
0.9708197504
0.9894831238
0.9464531454
0.8379250918
0.974632946
0.9061851238
0.9248838852
0.8590011088
0.9735849138
0.98238381175077
0.5264006482
0.5042695766
0.9883718956
0.6450459636
0.8563331728
0.8241404634
0.9868697156
0.618567938
0.9682234772
0.9734968496
0.9764948134
0.9700161468
0.9540798406
0.9789500298
0.9615720456
0.9432679716
0.923181272
0.981542334
0.962970004
0.9897837294
0.9642388638
0.9925890184
0.9939125576
0.9844076936
0.9586789146
0.9723862366
0.9886580098
0.9629202262
0.9729460062
0.9562839722
0.9862282046
0.9758014806
0.9531630146
0.9823284036
0.9898975886
0.9913259502
0.9801631298
0.9853842084
0.9531677728
0.963339977
0.776866608
0.601550668
0.9103602044
0.7288553412
0.5743351968
0.9624097836
0.9874394858
0.9539265996
0.9603930128
0.9726493202
0.9543676232
0.9534128856
0.985838057
0.9780276848
0.9716119572
0.9346617166
0.9899005828
0.9704018296
0.987690131
0.9740897224
0.9802125122
0.9865594218
0.981420659
0.9885718322
0.9900825284
0.9672070724
0.9725200206
0.9746868344
0.9720402738
0.987254754
0.9848288454
0.9879664466
0.9859813034
0.9778016062
0.9766784708
0.9803212324
0.9485671532
0.9552441134
0.994127846661216
0.9528448888
0.9438083766
0.9892577864
0.9923281484
0.948148581
0.9704645392
0.985099649
0.96972005
0.9543490726
0.9622230928
0.9820752526
0.970493792
0.965021155
0.9764640386
0.9635635278
0.9590133468
0.9442735324
0.9860312528
0.934667572
0.9658235328
0.9783072986
0.9670082012
0.9761544428
0.9363186738
0.9609599
0.9767879702
0.9805359246
0.9842610406
0.9915718374
0.984204301
0.9726601306
0.9790521224
0.9767135632
0.9683069244
0.9802282168
0.9244028958
0.971207802
0.9641157188
0.9874130424
0.9779291042
0.9377833904
0.9708982534
0.978525238
0.9866999786
0.9777166044
0.9743273016
0.959310824
0.9812021388
0.9776189368
0.9808128382
0.9659501274
0.9847817236
0.9621857894
0.9512446096
0.9834246302
0.9799438896
0.9849422614
0.94911651
0.9891215988
0.9415573074
0.960643501
0.985297731
0.9725451252
0.966834654
0.9828776804
0.9680245302
0.9580841398
0.9678000442
0.958836082
0.95418218
0.977478167
0.977156669
0.9672340692
0.9520188078
0.9583582656
0.984314457
0.9746630494
0.9679358198
0.9912663928
0.9721867768
0.9765719592
0.9731772942
0.9753116864
0.9755496042
0.986178009
0.9720546346
0.9638374432
0.9613515434
0.969936681
0.953998255
0.967106899
0.9471076224
0.9439355456
0.9714328004
0.9811998574
0.9582700822
0.9720525902
0.940241513
0.9752375604
0.9824629576
0.9711382896
0.9866460386
0.979401311
0.9680320984
0.9445904532
0.988950799
0.969239087
0.9782850278
0.9808775786
0.9845163448
0.9855160626
0.9707410522
0.9801521438
0.991112484
0.963796592
0.9547218826
0.986065249
0.984864286
0.9762401336
0.8967610244
0.9527491342
0.9802153944
0.9707359212
0.970983925
0.9749451518
0.9720873612
0.9914040364
0.9709612352
0.9619437868
0.9795223022
0.9785933018
0.9681483672
0.9682404014
0.9795224874
0.9763962144
0.9925048386
0.9911977536
0.980235789
0.9803990868
0.9828818122
0.9903955974
0.9719930906
0.9864282426
0.9912061368
0.9899559842
0.9790127312
0.9714438714
0.9776803322
0.9725715538
0.9900616338
0.9775290772
0.9845859286
0.9764536124
0.9723811288
0.9888952766
0.9784050914
0.9851526896
0.9659225176
0.9417128494
0.9657948436
0.9895199084
0.9797923406
0.963340031
0.9891854898
0.980289751
0.950574894
0.9458821492
0.9886984752
0.974186423119835
0.9675733744
0.9865232472
0.964184421
0.989023668
0.995074411
0.9676851106
0.9958709282
0.9845828076
0.97868217
0.9844013426
0.983899788914163
0.9886720346
0.981852194226352
0.9777369052
0.9590249482
0.9833506534
0.9570774636
0.42406701274457
0.98111993
0.9325650662
0.9779840004
0.9545475396
0.9785054706
0.9807195548
0.9890276922
0.953836925
0.9320339478
0.9831798352
0.9722426484
0.9616701048
0.9576394538
0.9449738034
0.9936168922
0.9848922482
0.9651831528
0.9568901096
0.9915825248
0.975221897
0.9711604066
0.983707753
0.9878561182
0.9583320494
0.9810348102
0.9793289962
0.9886156782
0.9867471658
0.9617335164
0.9926432702
0.9392277598
0.97325462
0.9857784824
0.9683067084
0.9716917338
0.9621495956
0.9767323908
0.9638824562
0.9417502848
0.935007502
0.9698801536
0.9801516504
0.9543486562
0.9832856972
0.9454443608
0.9499108882
0.9570309178
0.9812465144
0.9506308384
0.9907859208
0.9800695646
0.9877180842
0.9379580282
0.9317342474
0.9736948404
0.9760073914
0.9576768476
0.9817138246
0.9696723164
0.9872154098
0.949686366
0.9951531862
0.9955569816
0.991834557
0.9698064364
0.976190082
0.9767798888
0.9731333652
0.950065594
0.9668183278
0.9621854476
0.9642867982
0.9539843036
0.9789444698
0.9814788346
0.9763413334
0.9539554546
0.9771643174
0.970325938
0.9465711896
0.9364401362
0.9627704496
0.9755665704
0.9341185474
0.971911567
0.9812073512
0.9789312026
0.940495808
0.9904480264
0.9702192886
0.9899144514
0.9927615542
0.969739244
0.9631460476
0.980771167
0.9772830814
0.975687627
0.9738721234
0.975964088
0.9759994944
0.9823161458
0.9633215976
0.9257508606
0.9696773246
0.9923897342
0.989033602
0.9686351148
0.9789407628
0.9620926282
0.9759237844
0.9551914164
0.985642517
0.9880802814
0.9640000042
0.9648526278
0.9769539032
0.983793853
0.9166789474
0.9651984754
0.9875135714
0.990260522173577
0.96884598
0.9501675508
0.9923943328
0.995434763
0.983755729
0.95169106
0.9617846266
0.9893291518
0.9807780752
0.9654575456
0.9865910904
0.986929885660993
0.97496892
0.9539625804
0.9858505966
0.9752935236
0.9742954958
0.9849478568
0.9722376286
0.9595297948
0.9675542574
0.9932909068
0.992840254
0.991100977
0.9815575738
0.9730957666
0.9896369124
0.9718979008
0.95978528
0.8924157764
0.8180879734
0.9662901648
0.9856083568
0.980006718
0.9790970932
0.9832059568
0.9522829792
0.9762242638
0.983207951
0.9826785798
0.963184613
0.9757061624
0.971313728
0.9509436978
0.9813532246
0.982654883
0.9818777694
0.9737563496
0.972172329
0.9681730906
0.981969762
0.968571558
0.989364799
0.9688900302
0.9645741924
0.9827027722
0.944894036
0.970328359
0.9372629844
0.8859481254
1
1
1
1
1
1
0.941186815201981
0.9735880422
0.9580441096
0.9632308098
0.9711805684
0.9670824892
0.9718661876
0.96467869
0.9670415888
0.9682985666
0.9415406852
0.945897762
0.989116405
0.9501599702
0.9733469116
0.9414150102
0.9639873212
0.986455773
0.9531935022
0.970826187
0.9851756308
0.9833958358
0.993604318
0.9714502528
0.9790388742
0.9815192848
0.9568478954
0.970170031
0.9705587172
0.9643733094
0.96951545
0.9401743786
0.9707119914
0.9691379298
0.9658405128
0.9622432182
0.9590127304
0.960190024
0.9644965072
0.9717066444
0.9760808766
0.9874088422
0.9857852564
0.9708888786
0.9682808064
0.9582765278
0.981827572
0.9862877526
0.9797773178
0.982034995
0.9277791856
0.987346702
0.9853498034
0.9429871922
0.9282109194
0.950669851
0.9426263362
0.9670293666
0.9893049752
0.9905620928
0.9704284686
0.9780184946
0.9878214952
0.928020416
0.862824767
0.9703045928
0.9761369906
0.9851441328
0.9936858472
0.9884146462
0.961699096
0.9699108046
0.8241773584
0.9729754462
0.9525276342
0.96782374
0.9521533342
0.9462819156
0.9373209666
0.9518496576
0.9801919498
0.9842894714
0.964740695
0.9395605374
0.9567540046
0.9598773782
0.9459361074
0.925110255
0.9689725178
0.9716456362
0.9609400242
0.9656337032
0.9759143254
0.9806795732
0.967569536
0.9659779616
0.9817884802
0.9604361648
0.9846714182
0.9716034938
0.9800651936
0.9854596688
0.9719348516
0.97500109
0.9588017762
0.964893139
0.9674082608
0.9817836272
0.9856581296
0.9443514634
0.9825764996
0.989682348
0.9796761606
0.9837786982
0.969543451
0.9714844834
0.9793023648
0.9848925154
0.9660487942
0.9589931878
0.9498679854
0.9712343484
0.9519952766
0.953166244
0.9714042064
0.9839864886
0.971831319
0.970375078
0.937037775
0.9470223376
0.9586318582
0.935522363
0.988053695
0.9839898294
0.9560903316
0.9822644648
0.9803032394
0.9609061864
0.9636114352
0.957938147
0.9712794258
0.9664052236
0.9834810958
0.9598775208
0.9521683722
0.9680250438
0.9625890354
0.9784928622
0.97668423
0.9635583468
0.9935829106
0.9644093414
0.9889846802
0.964670686
0.9547118686
0.9666927788
0.9897807826
0.9753212728
0.9907724316
0.9779041056
0.9822992338
0.9759083176
0.977107295
0.9723465802
0.955828883
0.9669282928
0.9716569956
0.963499763
0.9856170926
0.988071039
0.936034645
0.9750169976
0.9832259848
0.9499064742
0.9777332044
0.9796604652
0.9879954496
0.9780878482
0.9724646498
0.9770409814
0.9840978584
0.9881860614
0.9808529158
0.968670519
0.9844249682
0.9831260112
0.9603946786
0.9695267268
0.9730519856
0.9760839386
0.966856502
0.9828068938
0.9822987274
0.987130378
0.9703539544
0.9746176412
0.970254567
0.9801773992
0.966413821
0.981529818
0.9924671144
0.985626704349039
0.9723060948
0.85677236
0.9058824968
0.9668381184
0.9827760216
0.9163457714
0.779131964116173
1
0.937989414285714
0.9704697868
0.972344767814675
0.9815621508
0.9793171058
0.9816262326
0.9837255378
0.8812889388
0.8491397024
0.9823052006
0.9417432338
0.9604538754
0.9922240754
0.9778589642
0.9850736326
0.9910650954
0.9861007542
0.934357682591366
0.512537824118626
0.8515622596
0.989422709
0.9713370872
0.9313481726
0.955657694
0.9521731408
0.9675303894
0.9790826742
0.973432209
0.9468914506
0.962799536
0.9674919606
0.9729706978
0.9733866662
0.9679154938
0.9842054282
0.973774659
0.9638122444
0.9792841532
0.9651833548
0.9679830248
0.9884299448
0.9692319092
0.9520840734
0.984477801
0.957082391
0.9760396926
0.9917923396
0.9648333348
0.9863987244
0.9756033924
0.9875470114
0.9909213566
0.9850970916
0.95075862
0.9606906396
0.9911923478
0.9858440962
0.9876123846
0.9895868286
0.9782136888
0.9880365746
0.9914216784
0.9911654826
0.99182664365158
0.9826617994
0.988813477247743
0.9894976234
0.9837847814
0.9879317704
0.985663891
0.9857570132
0.9741192704
0.9835297282
0.9770716848
0.9732474614
0.9732442024
0.9725122406
0.983394376
0.9779919534
0.97750327
0.984367444031159
0.9785232806
0.9700542918
0.989586107
0.9823347344
0.9808496498
0.9699985344
0.953685532
0.9700652598
0.968040654
0.9809874688
0.9640971942
0.967238148
0.9663964974
0.9738592908
0.9842323606
0.956167851
0.9547413334
0.583927140942589
0.488847005166845
1
1
1
1
1
0.906316168210826
0.9095459628
0.9518962966
0.9113827608
0.9418486236
0.9685221516
0.9663445452
0.9668291494
0.9700259072
0.9651900254
0.9777577128
0.941245682
0.936466317
0.966367516
0.961896338045698
0.943895316
0.9724805178
0.9756121146
0.9507357946
0.9823333672
0.947537611
0.9695172276
0.9606670282
0.9461664206
0.9748196012
0.9818141636
0.9409238948
0.954032675
0.9601559148
0.9671120788
0.964710778
0.9596610706
0.9651334502
0.9361033192
0.954632854
0.887277352
0.9522399068
0.953235503
0.948240058
0.9637429962
0.9672457636
0.9452967228
0.9532406928
0.9675581848
0.9738322954
0.897890656674631
0.9729993862
0.9032328076
0.9786471044
0.9847493362
0.986054636
0.9516344828
0.9792967384
0.927187827
0.9730959858
0.964206471
0.9497597882
0.9859600016
0.9609273476
0.9586918926
0.9716167998
0.9528291334
0.9852344192
0.9652268834
0.9701787276
0.9585946988
0.9742404306
0.9718646548
0.9530311748
0.9519408588
0.9571296896
0.9680810972
0.9520164042
0.976920315
0.9736262306
0.9740823466
0.980994754
0.9490411018
0.9670966822
0.9424067442
0.9420781928
0.963113911
0.9779871816
0.9844284418
0.9303970602
0.9471514434
0.973279019
0.9667677008
0.9594996356
0.9693091746
0.9724324566
0.9520874954
0.933205546
0.9688775464
0.9659860522
0.945217853
0.9567444044
0.9848095162
0.9771226678
0.972317929
0.9721860488
0.9571375454
0.9264985496
0.9446304176
0.9294812398
0.9651277268
0.954350835
0.9617045948
0.9648380544
0.9350646598
0.9549706658
0.9677754116
0.9763467902
0.9769610018
0.9787593016
0.9817733084
0.958484126
0.955282437
0.9560740534
0.9207194524
0.9736293762
0.9504236598
0.9795413752
0.972033583
0.9717754782
0.9799750522
0.9873834136
0.9784715492
0.9745965652
0.968766722
0.9755909152
0.9763401098
0.9499800328
0.8399567382
0.8485220296
0.8390752338
0.9692312826
0.9659497972
0.9636419636
0.9765721022
0.9851640344
0.9501528384
0.955383916
0.9739698536
0.9724736334
0.9566525922
0.9823261808
0.978982108
0.9765364336
0.9696422708
0.9455408704
0.9613923196
0.940131455
0.9652244904
0.9623621708
0.9774721772
0.9385603646
0.9899601024
0.9746514054
0.9659713646
0.6795696092
0.9688641458
0.9672030994
0.9869265058
0.971402189
0.9775346984
0.9627709368
0.952816065
0.9848994702
0.9791673514
0.994920262
0.9819327856
0.9700063486
0.975978724
0.9685232284
0.9788373804
0.9871423112
0.9574005156
0.9587480494
0.953906779
0.9668455054
0.975076339
0.9611091788
0.9622007582
0.798100187
0.9304027994
0.9521348034
0.9567625728
0.9617853888
0.9617618262
0.9615094148
0.9584626906
0.9795833572
0.975378264
0.974386478
0.9611513484
0.950516868
0.9800526928
0.9768922924
0.9665788762
0.9853546262
0.9918686032
0.9742465278
0.9884342666
0.9796262708
0.9786199406
0.971634202
0.9805778768
0.9867321068
0.9671462644
0.985577063
0.9694493968
0.967441511
0.933146883
0.9698358494
0.9786532604
0.9517723836
0.953476737
0.9609823456
0.9817053486
0.9756916284
0.9886574988
0.9781130954
0.9653185356
0.9636506104
0.9092558038
0.9516817618
0.9466397552
0.9819657724
0.9449985014
0.948453039
0.953802185
0.964109051
0.9786003422
0.9857765158
0.9589360866
0.9759210092
0.9267287926
0.9678930108
0.9881272698
0.9806373504
0.9802885972
0.986118371
0.990335555
0.9587525798
0.9832468574
0.964267349
0.9744400572
0.9834916758
0.9850085428
0.9777977944
0.9871720746
0.9648705208
0.9804522864
0.9737674714
0.9827951522
0.9713366732
0.9859258252
0.9821550606
0.971104496
0.9756885606
0.9812854188
0.9653351286
0.9804511362
0.9784818134
0.9776460202
0.976326162
0.9840110712
0.9851310476
0.952544642
0.946715864
0.9888305726
0.9625238572
0.9542704016
0.9823108634
0.9461816426
0.8770272732
0.413627216378238
0.910278184693878
0.8655570306
0.9736199764
0.9359974584
0.987430657
0.994184196
0.9737106536
0.9890329056
0.9865509624
0.9682976886
0.986913884
0.989629383
0.9940948366
0.9809773192
0.9158154014
0.9836091836
0.9627581252
0.970059519
0.9761242708
0.9790468232
0.977100966
0.9876097846
0.9902093396
0.9914710194
0.9731050214
0.9822743746
0.9799185808
0.9845059144
0.9930534228
0.984254027
0.9593024144
0.9760433832
0.9705253076
0.967837262
0.9819828496
0.904045491175706
0.9685679596
0.977028692
0.9709148546
0.9816780356
0.9785927676
0.8028102764
0.7795446834
0.892310098
0.8982409382
0.9845065164
0.9918275166
0.981559605
0.9798789346
0.9853881422
0.945761766
0.983357455
0.9706829844
0.9907208162
0.9809368774
0.9780006184
0.9781809822
0.9473813734
0.9541723224
0.9812549318
0.957825033
0.9708025096
0.9927678742
0.985593798
0.9801443896
0.957759472
0.9531468624
0.9772840024
0.6670583508
0.9826211048
0.948896038
0.9710564496
0.971659701
0.9800778124
0.9439618784
0.9659955562
0.9804840332
0.9808972896
0.9663703296
0.9695714178
0.9775955176
0.9578313224
0.95102073
0.9578795184
0.9521848288
0.9467540664
0.944414645
0.9314062968
0.966319438
0.95322166
0.957506216
0.9161659708
0.950418510765772
1
1
1
1
1
0.608871298975191
0.8533948698
0.9848135122
0.9483011228
0.9529261842
0.9554760288
0.9690610934
0.9546871046
0.9638626012
0.9772630992
0.9579751824
0.979378376
0.9672252532
0.9814489012
0.978907001
0.9641106602
0.9631942754
0.9262091662
0.9848632104
0.9729040224
0.9691026732
0.9545005528
0.9538713418
0.9802309524
0.9861817316
0.9378208772
0.940301135
0.9409988696
0.9573852332
0.9570523606
0.962150244
0.9733572388
0.9645123318
0.959798518
0.9878885802
0.965424327
0.9148766404
0.9776572888
0.9803470122
0.732615132
0.2532946634
0.1808465174
0.311927109
0.651400002
0.9743849114
0.9812098356
0.9739273524
0.9893982902
0.9846048912
0.984844418
0.9542834504
0.9507509884
0.9272883062
0.9754656436
0.9728689582
0.95854784
0.9770581
0.959713286
0.9385694526
0.9840353524
0.9636493476
0.957598286
0.971415052
0.957100362
0.9618837896
0.961799668
0.9582339606
0.969296785
0.9663870928
0.9714218876
0.987004577
0.959625955
0.9846681166
0.9356671994
0.9601392932
0.9768279674
0.9595768484
0.977701805
0.9714853814
0.9777093404
0.9584188372
0.954178818
0.9618349194
0.9872038122
0.9627805746
0.96956395029681
0.9764796198
0.9519239766
0.9619703516
0.9866595942
0.9873944444
0.9708718714
0.9790644058
0.967259498
0.9929055414
0.9437214444
0.922869708
0.9583237588
0.9768385012
0.8538969298
0.902726912
0.8890290112
0.9453654578
0.9480040394
0.9562293228
0.9549663146
0.9595077606
0.9902641122
0.9675656598
0.9615408992
0.9760705312
0.9649639298
0.989441656
0.9703905854
0.944506163
0.9963748462
0.9949895036
0.9717726742
0.9731707804
0.9386399024
0.986716136
0.9664400088
0.9339481546
0.956224852
0.9612812946
0.9706976374
0.98532684
0.9750194136
0.9650850162
0.9693981334
0.9434594818
0.979880466
0.9667614994
0.9774582136
0.9757901182
0.9642957028
0.9745322974
0.964851803
0.975789513
0.9699500718
0.9458114716
0.9524914366
0.9538112928
0.961850931
0.969540854
0.933606599
0.9796722272
0.9693735962
0.9759693466
0.9668793072
0.9912534902
0.9658630634
0.9620368616
0.9770391844
0.9400282484
0.9736022694
0.9618315522
0.974748821
0.969730891
0.9536784784
0.9735153572
0.9635749844
0.9077078912
0.9716812728
0.9537189806
0.9728094402
0.9743660282
0.9679754802
0.990698421
0.9784399384
0.9776372446
0.994416948
0.9917425618
0.9624042056
0.9464792904
0.9694173164
0.9710738966
0.9820915678
0.961319881
0.972663412460468
0.992226901
0.9699783004
0.9676714286
0.9677963474
0.9801152946
0.985993888
0.9864780196
0.9928003252
0.973550758
0.961720991
0.943206603
0.95679184
0.9709644978
0.9809836758
0.9764138934
0.9800306378
0.9495496706
0.9444937168
0.9649680076
0.9936047084
0.9859485244
0.9917743602
0.969025643
0.985622775
0.9658917152
0.9550940772
0.9119857266
0.9449819528
0.9793609688
0.9848309926
0.983966518
0.9602587446
0.953618725649477
0.9890793022
0.9508481756
0.9778108606
0.976926412
0.9727001548
0.9901949636
0.9814313222
0.9833331838
0.9898240766
0.9391193152
0.9810918842
0.959441381
0.9669587008
0.9504049978
0.9665103802
0.9731586894
0.9789881348
0.9859924974
0.9844182752
0.9849703934
0.9735405086
0.9760297062
0.990116533
0.9892929892
0.9781125932
0.979878893
0.9875489214
0.979052305
0.981532358
0.9611557876
0.9683081522
0.9908105548
0.9875521162
0.9880256138
0.977952436
0.9827219718
0.9830672998
0.9881123584
0.9724160436
0.8362608018
0.8281685524
0.982209268
0.983693657
0.6282370764
0.9786948194
0.972999215
0.9578603778
0.9655604628
0.9665917952
0.9507804964
0.560690532339941
0.812499824318182
0.9736322122
0.973671786
0.987093273
0.962983545
0.9864516884
0.9697159448
0.9862872962
0.96640656
0.9806896466
0.988453445
0.965382372
0.9349475182
0.9852506932
0.983719121
0.9820676562
0.9824322362
0.9714853178
0.979088316
0.9510406898
0.9844779136
0.9778689632
0.9844440314
0.9845850494
0.9902106128
0.9755938756
0.9877079636
0.9883399774
0.9752128982
0.9930621194
0.984326376
0.9837775196
0.972638691
0.9796626868
0.983283088
0.9826016708
0.9786553196
0.9763930876
0.9569117184
0.9573080702
0.9874402
0.9821695354
0.9826625978
0.9788922942
0.9658547236
0.9853461406
0.963547143
0.9599958444
0.9738318664
0.9730216252
0.9819409596
0.9929073542
0.9851750546
0.6509600452
0.9830001108
0.968427272
0.9853998428
0.9663996494
0.958289193
0.9694332694
0.9546225754
0.9818284152
0.9612766288
0.9279348568
0.9506757506
0.9791050882
0.9763614474
0.9867680472
0.9802879036
0.9820219388
0.9772434384
0.9818445388
0.9897342016
0.9891860424
0.9823780684
0.9936158004
0.982389035
0.9856905666
0.9803132584
0.975968977
0.990375392
0.9911053146
0.9820539604
0.9842562522
0.9830574336
0.9772364988
0.986175317
0.9883636648
0.9875738742
0.927816892
0.9670899656
0.9749652674
0.9668171036
0.982852541
0.9678082346
0.9827017552
0.962260043
0.974950656
0.9565181026
0.9717132328
0.973360858
0.9667854864
0.9680763296
0.94170426
0.9815029744
0.9474858692
0.970614758
0.987283465
0.9685090604
0.9647845592
0.9636277628
0.9695880538
0.9726963962
0.970245399
0.945119184
0.7917028374
0.647725978606559
0.757083038516049
1
1
1
1
1
0.912471307809136
0.908232841788497
0.97014069
0.9583924394
0.9599737116
0.9623816456
0.958206998
0.9504107164
0.9826221594
0.9412223156
0.9739965572
0.9638713066
0.96320412
0.975207856
0.9698320166
0.9713922564
0.9812773802
0.9469203046
0.9715767202
0.9515842836
0.9414057652
0.9849275766
0.9592453192
0.9592525912
0.9611900528
0.9664017736
0.9154491766
0.933616602
0.954477983
0.9816534132
0.9533687326
0.9550294108
0.9414919654
0.9341480032
0.9435173814
0.9481166636
0.960192829
0.9596877646
0.9705398296
0.9466051048
0.9243809142
0.9432445546
0.9589371982
0.9303465608
0.9830440136
0.9474450072
0.956566817
0.9449887968
0.9670329192
0.9398225376
0.895331353
0.9362134576
0.930010093
0.966285877
0.9889664772
0.930694356
0.97295872
0.9888586244
0.972753581
0.9804521786
0.9807184186
0.984138645
0.975867781
0.9817095054
0.9696814444
0.9806833554
0.9613772114
0.9753489984
0.920589573968927
0.9539801024
0.9797857558
0.9787792456
0.9814447602
0.9744973618
0.9553418154
0.9687300478
0.9705941846
0.9349011248
0.9669064358
0.9713128166
0.9623340192
0.9832522292
0.9531854088
0.9618690664
0.9707667192
0.9601250736
0.9512485232
0.9646932024
0.9720783072
0.9727446978
0.985552296
0.9719249694
0.9852648946
0.9664392598
0.9693955272
0.969351082
0.9477330562
0.9579722894
0.9781970132
0.9760371612
0.9816265174
0.9758433904
0.9702265408
0.9564955006
0.963361332
0.9892507542
0.977764076
0.910367344
0.9669665572
0.9648545674
0.9705044758
0.945734046
0.9666630244
0.9462194766
0.9816824538
0.9823619136
0.9809651886
0.9848618918
0.9525928372
0.9258771494
0.9624373874
0.983362926
0.9679752802
0.9648702304
0.968977803
0.9885136964
0.9724400686
0.945108425
0.9691944132
0.9767158212
0.9522158614
0.9701663248
0.9643970532
0.9844025418
0.9843394994
0.943238514
0.9829174804
0.9879755192
0.962012511
0.9838750908
0.9495130942
0.9624192272
0.988973757
0.959798014
0.9691295882
0.9893091782
0.9870362038
0.9873874852
0.984310797
0.9527150918
0.9914266508
0.9770241782
0.9955766872
0.977961499
0.9829470728
0.9766811216
0.9754850774
0.9832193072
0.982687956
0.9790691284
0.9675985072
0.933574545
0.978397921
0.9858948046
0.9826972944
0.9818372612
0.9881222904
0.9795386288
0.9685310386
0.9638710084
0.9705367212
0.9910479706
0.9877048306
0.9668024152
0.9792852898
0.9837932054
0.9911092264
0.9631446496
0.9866999048
0.980553966
0.9839181352
0.9662720274
0.986782969
0.9768666114
0.9801412366
0.9769544402
0.989555063
0.9854719248
0.9914852818
0.9738768182
0.9521194778
0.9964254562
0.989348465123955
0.984078808
0.9718418768
0.979056444
0.9771558978
0.9730857122
0.954071456
0.9091470526
0.9818694906
0.988622311
0.9877367992
0.9711991198
0.9955259418
0.9877523768
0.9793753286
0.945237011
0.9723592982
0.9902096474
0.977480721
0.9676497188
0.914589657348922
0.990942011718025
0.9657964438
0.969361506
0.9697570492
0.980790715433458
0.832569956
0.203765084154277
0.899359955313205
0.972748497
0.9661828976
0.9764872194
0.970181126
0.9733807326
0.985606742
0.9817249108
0.9773962076
0.9506589856
0.939465202
0.9057241826
0.9561369984
0.8267703946
0.9389088928
0.9671898996
0.9734644766
0.9721076102
0.960800084
0.9723248138
0.9720581208
0.9603372472
0.9881380406
0.9882391152
0.9743599592
0.9715327136
0.9698023928
0.968029274
0.9645192876
0.969813305
0.9902931268
0.9705938336
0.9669258612
0.9895743916
0.9704920894
0.9837403256
0.9815974858
0.9916008198
0.9493585448
0.9470066882
0.9817401042
0.9662224274
0.9812168494
0.9846289308
0.9925450342
0.9310319092
0.9611377496
0.9531138738
0.9655818462
0.9823689182
0.9676908602
0.9670270008
0.973789512
0.976881732
0.969542233
0.9799523116
0.9831379648
0.9911444296
0.991090738
0.9239734624
0.9568682102
0.973405238
0.9899600286
0.9598226132
0.953063266
0.8646690754
0.9441151556
0.9784509766
0.9489777746
0.922446037
0.8363421068
0.9477003356
0.9743692422
0.9764368528
0.9671879708
0.9737417458
0.9638968372
0.9891338732
0.975332178
0.9335883502
0.9596539556
0.9800931212
0.9961357192
0.9956461626
0.9934271456
0.964571185
0.9712230182
0.9782771346
0.9005605994
0.983760704
0.973561286
0.858325489
0.9794503628
0.984988691
0.9863337294
0.9829521
0.9897888262
0.9396776768
0.9792711218
0.961464795
0.987938988500949
0.96703028
0.9544232754
0.942830063
0.9821750862
0.9853634432
0.9623445298
0.9917221124
0.9364143352
0.9755325922
0.9768897454
0.891781107
0.880377788
0.7833627618
0.7820991168
0.8076551028
0.856799955755475
1
1
1
1
1
0.272438178284231
0.700411374625421
0.9463946854
0.6779355516
0.6993022342
0.961289141
0.9461702986
0.750341836
0.7224307956
0.945015488
0.9461177626
0.8318017616
0.9912693798
0.987742147
0.9889694692
0.9864821362
0.9945680312
0.981870211
0.9883086022
0.9896876052
0.9889685194
0.9722442702
0.6830381816
0.6771662322
0.9800327142
0.9785120988
0.5863499744
0.32578747310633
0.830662079
0.9706428994
0.6317703536
0.7046720704
0.9843475672
0.9804933666
0.978412461
0.970941455
0.9822346476
0.9788860116
0.980118419
0.9779233236
0.979801047
0.9912314308
0.9738260706
0.9716451932
0.96933846
0.9453899012
0.9741578206
0.9621295412
0.9880051122
0.9555229206
0.9627110722
0.9527030146
0.967753517
0.9614448982
0.970432641
0.9702746348
0.9570502144
0.9159046106
0.96039219
0.9653779922
0.9173787558
0.9639947412
0.9829403592
0.9540352144
0.950594998
0.9817484586
0.9845687478
0.9749916048
0.9703881626
0.9756502814
0.9559273884
0.9642535246
0.9347030866
0.8945606118
0.9867547734
0.9879184204
0.9471916092
0.8961880838
0.977764011
0.956349707857078
0.9457337722
0.9559237514
0.6088330584
0.8679510188
0.9677011962
0.9541773986
0.9335075314
0.9775462608
0.9771471472
0.9660058658
0.966378143
0.9758346866
0.970272955
0.9855468462
0.972414027
0.9690420136
0.9531487844
0.9505028048
0.9469399806
0.9802683844
0.9567284586
0.980156805
0.9730180296
0.950924927
0.9255905342
0.9801492212
0.9846060248
0.9636511204
0.9883025536
0.978881162
0.9533945256
0.9908949104
0.9845315978
0.9731448948
0.9855958328
0.9778003752
0.9546189664
0.9735599028
0.9920940898
0.964540022
0.9767228506
0.9679609756
0.9664533048
0.9806392462
0.9561981126
0.9696499984
0.9730378758
0.9633664002
0.984714268
0.9710441972
0.9656737196
0.9607160222
0.9804873222
0.97667878
0.8661044
0.985308782
0.9852227508
0.9815543576
0.962595980257582
0.9897149654
0.9915694498
0.9807866512
0.9844975478
0.9821276
0.987236195
0.9753734742
0.988566979
0.978069047
0.9916440824
0.9729337
0.957208175
0.9534080628
0.980455341
0.9850170888
0.9720324126
0.9744558238
0.980361502555
0.9852456672
0.9533749796
0.9635806804
0.9813423844
0.95589732
0.976336867532545
0.9731777396
0.725538189047252
0.7815507924
0.900515536
0.974837451
0.9571736998
0.9504333172
0.9787177114
0.9600271526
0.9769391162
0.97550437
0.9708674138
0.9753122252
0.9683707484
0.6993192082
0.934894134
0.9904985228
0.990387263
0.9436320534
0.933638199
0.9423061636
0.9118788628
0.814939995
0.979996592332561
0.9903747172
0.975756691
0.9927852956
0.9849035696
0.9663943808
0.9675479582
0.9604147886
0.958118181
0.9673853514
0.937978714319048
0.655491000204082
0.9420807068
0.9308650906
0.9580777764
0.9331417062
0.987213432
0.9646859432
0.9851222164
0.9905963612
0.985954318
0.9749726324
0.9785575994
0.9765464908
0.877836726
0.363665301095659
0.346745456515291
0.8747732424
0.9847403156
0.9781293764
0.9699730034
0.9853097002
0.9791627762
0.985714471
0.8407264178
0.426076313865288
0.9485515276
0.9805561068
0.9819031006
0.974939998
0.9773144854
0.9670150586
0.9834117012
0.9803375928
0.9607247522
0.9913702278
0.9918556162
0.9827975914
0.989320004
0.9899117248
0.9759933978
0.9942551758
0.984729063
0.9902672266
0.9805817964
0.98913837
0.9920543728
0.9731384066
0.9828298058
0.9673205796
0.9751680028
0.9822865298
0.9703491328
0.9843131458
0.9624077414
0.9856449776
0.9915781076
0.991545176
0.9733317608
0.9746057638
0.9917578146
0.984139931
0.9850363862
0.9564270168
0.9713736696
0.9871562246
0.9851097308
0.9766281806
0.9604067828
0.9668789542
0.986146879
0.9639942354
0.9873789622
0.94644301
0.9882492934
0.9833959686
0.9851195686
0.9864940174
0.9841606574
0.9761276216
0.9683482376
0.9734349402
0.971488797
0.9751530466
0.9902817024
0.9840579582
0.9680037484
0.9098738334
0.880257501815027
1
1
1
1
1
0.81353367512243
0.9909413004
0.905829367
0.914228491202402
0.9768250928
0.9568302946
0.9621116418
0.9765251786
0.9773296524
0.9577871192
0.961291454
0.9739696394
0.9614966974
0.9883320764
0.9798780044
0.9702059206
0.9466064114
0.9796301018
0.9636917084
0.9710804582
0.9706247058
0.944675605
0.9723921876
0.9624312876
0.9829948184
0.9697030582
0.9710948992
0.9604691734
0.9635140408
0.967688612
0.9859692038
0.9489197998
0.9683117346
0.9767908242
0.9682041532
0.968136447
0.9691773562
0.9562984596
0.9733511058
0.9626014304
0.9768765928
0.9762934968
0.9760870658
0.9740133522
0.962204921
0.9629494188
0.9543941054
0.9636138062
0.9593337428
0.9852374994
0.9373750378
0.970712927
0.9600600192
0.9612714926
0.9593518408
0.975438258
0.9805328512
0.9626646592
0.9534155836
0.9566785268
0.9706529652
0.9661345624
0.9812841716
0.96638091
0.96958298
0.9767324124
0.979337934
0.9646348312
0.9682071902
0.9749632264
0.9726311776
0.9654348554
0.9745691516
0.9677311934
0.9918800454
0.9562719652
0.9590467136
0.9636875254
0.9372720326
0.9854538136
0.643321491294495
0.9874630546
0.9677196626
0.9320309422
0.9599660942
0.9728981508
0.9457467828
0.9471214224
0.939491785
0.9555809226
0.9863170732
0.9718725158
0.9141579336
0.964233789
0.9889122398
0.9698978988
0.9752585914
0.9724284866
0.9853207312
0.97273544
0.953532557
0.9692357446
0.9776927622
0.9515245736
0.966793986
0.9778974884
0.9262473914
0.951042264
0.9466405018
0.9727164614
0.9745391614
0.9846580382
0.9610748918
0.9636829818
0.988795987
0.988518215
0.951959926
0.973203321
0.9721202074
0.9840068266
0.9729590694
0.9791064902
0.9780480976
0.977872976
0.9637980174
0.9618074018
0.968217531
0.9792162388
0.965648736
0.9735229462
0.9783461528
0.9865189994
0.9798577798
0.9788249272
0.9737196224
0.9819586522
0.961781823
0.9393463154
0.9567647852
0.9768221956
0.9779097138
0.975967162
0.9854573924
0.9705164728
0.9865906926
0.9892574
0.9597633922
0.928466748
0.9794901522
0.9728115856
0.972505256
0.9480055066
0.9841087148
0.959993409
0.992416198
0.987493785
0.9811429294
0.9840102072
0.9855485974
0.986261622
0.9757917762
0.9586083706
0.969327077
0.9550777442
0.9853255432
0.9722544036
0.9276480868
0.9753751354
0.977847901
0.991557552
0.992359464
0.9458735946
0.9465495986
0.98477175
0.9816831214
0.993843964
0.982796723
0.9684188624
0.9852866536
0.971703357
0.9602997296
0.9688097606
0.9793654698
0.9737761326
0.9696864588
0.9439269214
0.986636829
0.9854297002
0.9945063264
0.9760539986
0.9820399252
0.9845500948
0.940677921373661
0.9900656448
0.97281598
0.9764297744
0.9791447394
0.817553392040525
0.9673742786
0.94887192413868
0.712280989183673
0.9859799614
0.9560504702
0.944690761
0.9839191072
0.9826525426
0.9711457168
0.9787623312
0.9767925918
0.952381003
0.9487153054
0.9721013016
0.9276027966
0.9748952978
0.982677196
0.9781780106
0.965517316
0.992414529
0.9764456514
0.9730843506
0.9726545986
0.9563897338
0.9816801778
0.9578659364
0.969767906
0.9794088092
0.9682140356
0.9777794366
0.9898583848
0.9647139536
0.9677405256
0.9238681324
0.9784112184
0.9900408348
0.9574409248
0.9514334734
0.9761219984
0.9566391684
0.9743246758
0.949326959
0.9675469228
0.9634165162
0.9472223172
0.9631455922
0.9540725902
0.9517529118
0.9752235134
0.9776780576
0.9555587082
0.9544729578
0.960422285
0.9796353358
0.9675665954
0.9752732302
0.9746767442
0.9778203932
0.9482860552
0.9634973868
0.9667709732
0.9877392806
0.9718830036
0.954077743
0.9478197322
0.9627443514
0.9419036358
0.9544267686
0.9634584442
0.9062293234
0.9731700124
0.9431737572
0.9672546562
0.9867011458
0.9835961228
0.9843900206
0.9845880326
0.9878686822
0.9808716586
0.6287715274
0.3348921226
0.242233861002406
0.28472279942203
0.28991755613389
0.221577548499382
0.2653705518
0.2432416854
0.21137009156573
0.27295903298154
0.339517834164165
0.3746480724
0.359751465609074
0.270127628884538
0.218987455467175
0.22174246716682
0.252301194639159
0.257968943091673
1
1
1
1
1
1
1
1
1
1
1
1
1
1
1
1
1
1
1
1
1
1
1
1
1
1
1
1
1
1
1
1
1
1
1
0.192032517558244
0.267169303768633
0.299770388495181
0.418211582837795
0.237851048467682
0.248878597401055
0.435702038939011
0.377734899100559
0.302833394302935
0.3240718826
0.194164136815451
0.28320879646301
0.9596123406
0.9829306216
0.9276991128
0.9685534488
0.9549432
0.9807056646
0.9827681752
0.9777805338
0.9749861986
0.9901224238
0.9861442752
0.971151645
0.9803641872
0.964608648
0.970024079
0.9806482708
0.9730022438
0.9802763644
0.9620815152
0.9632252274
0.9748857224
0.9675081898
0.9533991986
0.9744250022
0.9398082396
0.9707815312
0.971651889
0.9505684632
0.957206545
0.9609934702
0.9373618732
0.9708515314
0.980313982
0.9768986546
0.915273207
0.9540761864
0.9724452806
0.9804114006
0.9747252802
0.9021173188
0.9822884194
0.9761372228
0.991624926553503
0.942489594257482
0.9792389092
0.9658017644
0.9805757618
0.949261559
0.9728539512
0.9594632826
0.9800781698
0.9405869206
0.8683359022
0.9876186492
0.9760731452
0.9852397376
0.9757255472
0.8215244256
0.969633793
0.9826703366
0.9736484888
0.9943748006
0.9725165464
0.9733566482
0.9555418414
0.9479262534
0.9765031394
0.948051113
0.9706285082
0.9738042112
0.951970773
0.9611201974
0.9776307242
0.9882712238
0.950569973
0.941640623
0.9675677588
0.9851731184
0.9804250982
0.9781091428
0.965652661
0.991375648
0.9869386828
0.9672865588
0.9611451366
0.9668999806
0.9729460756
0.9901975602
0.9863356414
0.9164583644
0.9780013012
0.9941045094
0.9847301192
0.9857290788
0.9723708234
0.9695647442
0.9718353236
0.9828481706
0.9927837174
0.9849559404
0.9795974336
0.9668502244
0.9763362324
0.9749162846
0.972544761
0.9813258958
0.9820278296
0.984963189
0.9524585782
0.9739809028
0.9887468228
0.9771162186
0.993560425
0.9722680746
0.9794266118
0.9843279468
0.9926655838
0.9783657944
0.989914232
0.985784492
0.9791726456
0.9779835666
0.9887561676
0.9875949322
0.988631669862352
0.9845730604
0.9754753632
0.9865178984
0.9834181866
0.9809506028
0.9815669452
0.9708178628
0.979177931819243
0.9882068242
0.98056669
0.9699738466
0.988741955457372
0.983548693
0.964016285
0.972611298
0.50483090975473
0.894164009090909
0.9623541192
0.948943341
0.9765587576
0.9887055608
0.988739895
0.98546049
0.9911290436
0.995069
0.9781626626
0.9075097092
0.9893112778
0.9623620096
0.9475361816
0.9715308934
0.9895275274
0.991591674
0.9899700776
0.9855784518
0.9710990844
0.9717024998
0.9684958494
0.9915583544
0.9756578546
0.9762864014
0.9810057702
0.9683101042
0.9934530562
0.9946994366
0.9783580652
0.9668888772
0.9674384232
0.9743489606
0.9920452576
0.9827534974
0.774197282281207
0.781950674170305
0.9793953756
0.9580234102
0.9669410494
0.9828064036
0.9373338444
0.9708741288
0.9865448394
0.9520835594
0.980784113
0.9693042038
0.9591032924
0.9618535822
0.9789746344
0.983322319
0.9508972042
0.9592844914
0.9775255214
0.977937235
0.958635412
0.975308098
0.987697328
0.9893693902
0.9644097998
0.9923964826
0.9701538664
0.9670241152
0.9429527668
0.9703995754
0.9388941476
0.9569512748
0.9826304834
0.9841165472
0.9919172602
0.9844650634
0.9730565072
0.9644871908
0.9777442292
0.901495679253095
0.9597419552
0.9454013866
0.632466114754718
0.764619115349354
1
1
1
1
1
0.893224993623548
0.724411895739758
0.930278951
0.9836203078
0.9694222256
0.9350245344
0.98650625
0.9336221806
0.583343503848197
0.3975785598
0.538945367729307
0.591390268945094
0.616705417034299
0.5654461818
0.495002514558033
0.987979576
0.9805862844
0.9808085336
0.447877577450419
0.525692463
0.914010895
0.926332735
0.9757869856
0.9588393564
0.9659498358
0.9848657054
0.9576064646
0.9620624252
0.9683435322
0.9804423506
0.9634180858
0.9642332758
0.9588779596
0.9873192832
0.972286592
0.9767136572
0.9577959534
0.9704886068
0.963868492465729
0.9859951568
0.9796849666
0.9868208302
0.983767071
0.989836966
0.9640692632
0.9764041696
0.9937397224
0.9477535544
0.983858441
0.9683679284
0.9748594468
0.9894078352
0.9611584624
0.978286319
0.9159773134
0.9823332336
0.9809751582
0.9837906186
0.9902599298
0.9869726998
0.9785740632
0.9926011444
0.9977986214
0.9831604784
0.973466474
0.9768268642
0.9009739884
0.9770240682
0.9807564474
0.9897511876
0.9758273238
0.9760222442
0.9633891638
0.9757410594
0.9871857232
0.9701101916
0.9834521652
0.997410114
0.8526180678
0.783298037
0.9484818104
0.9720482436
0.964743878
0.974358866
0.9808746178
0.9840091878
0.9755774044
0.9625060656
0.9643632696
0.9456692064
0.9634123068
0.9694828754
0.9819886176
0.8192262552
0.6895800908
0.9880730254
0.9763669086
0.9903391886
0.9777828896
0.9476624098
0.9639241828
0.9778964934
0.9238985536
0.9713933542
0.9758229224
0.9877220142
0.9799009306
0.9769054978
0.9667461536
0.8899824242
0.9905356572
0.9677616478
0.986711739
0.9874044652
0.9704481804
0.9763555698
0.967273024
0.9266416024
0.9747576312
0.9556961424
0.9640799196
0.9935412342
0.987518998
0.9827931276
0.9821376402
0.9773508734
0.9857943222
0.993363474
0.9744555248
0.9853533444
0.9484964962
0.9688241224
0.9872048224
0.9762799588
0.9846739532
0.9778826196
0.9638559718
0.9575283712
0.9461263436
0.9566125486
0.9904363304
0.9776165912
0.9683207346
0.9501180894
0.9772753918
0.9946067166
0.9864250092
0.9928397554
0.990897114
0.9731591882
0.9521864304
0.9887405916
0.981520414
0.9764586382
0.9961967962
0.9804586572
0.9892327152
0.9752514888
0.986304084
0.9705871896
0.9802194878
0.9615197126
0.9906747568
0.9847007386
0.9563446814
0.9672581356
0.9935770732
0.993987982469202
0.9902451748
0.9836311738
0.9752080668
0.9743558688
0.9736844212
0.974333325427352
0.9872701336
0.9839169456
0.9884226
0.9929313386
0.9918697878
0.9802701356
0.9732878354
0.9871193408
0.979711213220995
0.973790829668119
0.9809277998
0.9697923956
0.8620108096
0.329745303263422
0.721845785454545
0.9721236664
0.963494303379701
0.9774190156
0.9865749496
0.986463131
0.8352362138
0.8677078246
0.7905047488
0.9729097134
0.940470397
0.9532563218
0.952362379
0.9615761092
0.963834384
0.9248333338
0.9674460636
0.9712506616
0.9827676038
0.9663186776
0.9558014506
0.9859296176
0.985672438
0.9846309218
0.981227936
0.9930483058
0.9797734568
0.9298294038
0.9661139572
0.9139412058
0.985588522
0.9965787802
0.9854313704
0.949294011
0.9676949782
0.997541751
0.9617959752
0.9682859224
0.9721301262
0.9748772952
0.992165777
0.9614360284
0.9840272452
0.9675079798
0.9586156532
0.9580996344
0.9311618416
0.977187582
0.957483651
0.9747262542
0.9495414208
0.9436602916
0.9624230398
0.9758005818
0.964124481
0.9680054338
0.9395701964
0.9831453712
0.9550341974
0.9676701858
0.9627128772
0.9851483292
0.9718068612
0.9589025722
0.991132768
0.9462495398
0.9794971708
0.9807135118
0.9860901748
0.970679518
0.9799626696
0.9674919842
0.9874282894
0.9563641396
0.9672192922
0.9770918452
0.9782500904
0.9769195584
0.9667604108
0.9377543484
0.9787488182
0.9636051232
0.9874484064
0.9755391402
0.960342626
0.9476483946
0.9499927578
0.9729662914
0.9883685236
0.992381118
0.9784001336
0.9865799806
0.9857827808
0.9808375612
0.9721170414
0.9828894718
0.90929246
0.8321207216
0.7841967968
0.7735419412
0.904487011
0.93900481212386
0.776283863990204
0.744321096903012
1
1
1
1
1
0.783787292140159
0.8925024926
0.9311883112
0.9529963468
0.9567797468
0.9885227632
0.9487814776
0.9570663884
0.9504071112
0.959507002
0.9694175906
0.9392645732
0.9428010654
0.9691781588
0.9785597084
0.9653634618
0.9337218182
0.9097028658
0.9821207932
0.9886594306
0.9860460848
0.9813036998
0.9762690028
0.9773504604
0.976633276
0.9591915424
0.782643475
0.9767811632
0.9849337054
0.996177321752813
0.991609369686921
0.98249764
0.9871776108
0.8057936112
0.9008031202
0.9884539658
0.974667453
0.9846801954
0.9678272384
0.9565098842
0.9633396174
0.9758335726
0.9820607228
0.9830546472
0.9583818434
0.9779524946
0.934429959
0.9754372234
0.9913119426
0.9829947852
0.980827044
0.986485175
0.9868778732
0.9839254402
0.9522210048
0.977025414
0.9822929082
0.9568935774
0.9718283698
0.9792222686
0.981361554
0.9477011236
0.9771052112
0.9501896784
0.943614633
0.9445520564
0.952556832188394
0.9759583882
0.847494106
0.8171309524
0.618930477
0.9560334582
0.9520446672
0.9760257686
0.9561432774
0.9811195224
0.9595020412
0.9647304286
0.936438203
0.9493164196
0.9882391808
0.9512912512
0.9836496996
0.953499195315916
0.9479801828
0.9852213074
0.9827761552
0.9633583992
0.9659685764
0.9729178852
0.9673551472
0.9396127484
0.9792007512
0.9727882344
0.9414260882
0.9706303258
0.9692087826
0.97016494
0.9641159528
0.98401581
0.9740404602
0.9887643858
0.9837099696
0.980475934
0.9750861154
0.9606995884
0.986271875
0.943412395
0.97662818
0.9385577802
0.9864388052
0.9556052126
0.9836663942
0.991681941
0.9824111288
0.9783152576
0.984967227
0.983448344
0.9759616426
0.9733492126
0.9646454778
0.9953636868
0.9720119292
0.982813426
0.9841914254
0.9729830686
0.9886520518
0.9868241746
0.9648093024
0.9883487694
0.9924429102
0.9940028906
0.991398075
0.9781518418
0.9586594382
0.9787597424
0.9791207792
0.991759437
0.97890247
0.960416874
0.9806009112
0.9812977308
0.9636327766
0.9854210256
0.995889758
0.9776571372
0.9640320092
0.980932776
0.9946249104
0.9588601482
0.959459442
0.980328462
0.9670366086
0.9781358016
0.98881895
0.9676687694
0.9940904722
0.9868221204
0.9506358862
0.977240216
0.958735140335551
1
0.874010262605123
0.9746924406
0.9726628008
0.9841592218
0.9743967668
0.9766316298
0.9866868724
0.9632061488
0.97398203
0.978095876
0.9676891092
0.984897763
0.9644085508
0.982004574516182
0.960570234118173
0.944749079
0.8129758504
0.8905728782
0.9379121058
0.8318093514
0.9626756834
0.952447335
0.9407182744
0.949564521
0.9657524314
0.9758952256
0.9820026822
0.9759586386
0.9776597916
0.9791843802
0.9859391654
0.988876662
0.9843474406
0.9783890814
0.9620407468
0.9384181124
0.9642740264
0.973782285
0.9909147848
0.9680755076
0.987757455
0.959862781
0.9529963846
0.9504320626
0.9631901994
0.965830748
0.964256835
0.9729428964
0.9945792092
0.9851388138
0.9870152102
0.9502563388
0.9848533458
0.9788187704
0.9558419546
0.97682933
0.9758447556
0.9584170552
0.971712337
0.958005519
0.9580396516
0.9659434064
0.8639055416
0.9704861692
0.977351382
0.97828335
0.9346325594
0.9715892748
0.9140239022
0.943145557066551
1
1
1
1
1
0.799619664912844
0.9383902892
0.9459431238
0.947466742
0.954496807
0.9376067714
0.9889674868
0.971379366
0.9794328584
0.9249386542
0.9735559004
0.9715673782
0.962361896
0.9641042804
0.9649926918
0.9473130236
0.9651031882
0.9884108256
0.9597718706
0.9460111228
0.9679494634
0.9911668648
0.927759903
0.9817357428
0.9724307812
0.985586719
0.976814687
0.9746021824
0.961951918
0.979473514
0.9770430786
0.9829500536
0.9784630552
0.96254185
0.968898318
0.9168187358
0.8799099082
0.9792748572
0.9729612242
0.9542902788
0.9849925862
0.957397472
0.9465678732
0.9714220678
0.9603587936
0.9581649164
0.9919046534
0.9374576702
0.9331527958
0.9688720408
0.9894579484
0.9829109716
0.9107263958
0.8943617002
0.958399849
0.9800615984
0.969899099
0.9784102062
0.9551186084
0.9933116788
0.9771068384
0.9555942408
0.9859904914
0.9740581996
0.9829463714
0.9304246712
0.970301375
0.9624524932
0.9767621988
0.9907260528
0.963766695
0.9551699428
0.9373528454
0.961238256
0.9716987988
0.9684109042
0.9807808388
0.9822318388
0.9774581614
0.9845938494
0.9638835974
0.9649351896
0.9767525266
0.9750086968
0.971873396
0.9749062
0.9173658046
0.9749615188
0.9812499474
0.971070419
0.9696348078
0.98110396
0.9526024014
0.9460234728
0.9823397686
0.9898361554
0.9700874752
0.9843805244
0.9641604906
0.9353330738
0.9568376046
0.9494514894
0.9756890534
0.9649055082
0.9817461084
0.983369569
0.9750995816
0.985417915
0.9845150776
0.9811184524
0.9795515062
0.9608602264
0.9843224158
0.9820074706
0.980036749
0.9848773064
0.9791323206
0.95234838
0.9755558402
0.9662514834
0.9803253936
0.9366973662
0.983504005
0.9890764936
0.974781468
0.9736678618
0.9836914146
0.9749328368
0.9476416846
0.9907165828
0.9646303404
0.9721532742
0.9619206344
0.9703370246
0.9756220166
0.9743692158
0.9653543636
0.9685049442
0.958250378
0.9898677664
0.9803345234
0.9778226
0.991902554
0.978701508164222
0.9929082944
0.9906549442
0.9803003692
0.9810800236
0.9905662072
0.9666604104
0.9801748912
0.9784158332
0.9933517734
0.9919067788
0.988732657
0.9897618626
0.9847805144
0.994653177
0.9938726152
0.991886619
0.9897954758
0.9837922002
0.9792833934
0.9767471202
0.9804436
0.9826044462
0.9811876482
0.9835781518
0.981837085468563
0.972985017
0.978973791368393
0.9638681684
0.978974601665209
0.9853560674
0.9877054232
0.9889075582
0.984019547
0.9847677802
0.9738224314
0.9869870422
0.9823484596
0.979916269
0.9822421756
0.9860798752
0.951769133
0.9768580984
0.9878533986
0.978698707
0.9285678374
0.9539209716
0.95435715975207
0.9706036102
0.951318418588866
1
1
1
1
1
1
1
1
1
1
1
1
1
1
1
1
1
1
1
1
1
1
1
1
1
1
1
1
1
1
1
1
1
1
1
1
1
1
0.556154620416667
0.9173389994
0.8840022452
0.9856558502
0.9886582622
0.9621904412
0.967767211
0.978449328
0.9568736252
0.9711663278
0.9747550834
0.959966569
0.9409190702
0.950730016
0.9764048892
0.9871940874
0.9837831682
0.987862568
0.9913927468
0.9907023846
0.9751730186
0.975060684
0.9694890916
0.9751092234
0.983687562
0.9658673618
0.9722711962
0.9894712366
0.9805095966
0.988267279
0.984848551
0.9770104906
0.9695271714
0.9652167282
0.990498559
0.9713350268
0.9816598984
0.9636101084
0.9805458908
0.9524683376
0.993774917
0.979015139
0.9788783862
0.971617203
0.9404434564
0.9743329014
0.9480632746
0.9790539502
0.956434314
0.9818421634
0.9766115614
0.9752641238
0.9859760092
0.9794667258
0.965122458
0.974570345
0.959430065
0.9691135074
0.9424431912
0.9686937662
0.9736655432
0.9624668098
0.9729264636
0.9727848938
0.9681562822
0.9705415448
0.9511391784
0.8507085884
0.877559779
0.9832662124
0.979467767
0.9710966852
0.9831459798
0.9794600176
0.9745251798
0.9808023272
0.9796112068
0.9143074822
0.9837679086
0.9816522784
0.9700193198
0.9838516676
0.9783518316
0.9716969448
0.9593390454
0.9728882192
0.983222648
0.994075686
0.9935982764
0.979673616
0.907941292
0.9820717436
0.993268412
0.988787155
0.9823280826
0.959400194
0.9776905102
0.9872238026
0.9571941768
0.9833696934
0.9933163298
0.9891531534
0.9688890508
0.9785927816
0.9930240762
0.983681212
0.9906294704
0.9721040358
0.9782584236
0.9899642094
0.9728988784
0.9848996378
0.961261166
0.9709536648
0.9772148436
0.9752568098
0.9691804308
0.9825528114
0.9702225856
0.9743856154
0.9693047216
0.9701824374
0.9635764112
0.9706210012
0.9755875616
0.9724681264
0.9657413128
0.9633510784
0.9858594062
0.9840336546
0.985772044
0.982639488
0.9863904604
0.9781742458
0.9762155146
0.975257479475698
0.9712480172
0.9776698204
0.9770611894
0.980831822
0.9729217354
0.9806942476
0.9959550516
0.9877475914
0.971501161
0.9861885326
0.9771682198
0.9762468712
0.948499582
0.9879161298
0.9691529714
0.9875774568
0.974137626
0.98452837
0.9678875198
0.963901479
0.9878425544
0.976595541
0.949366964
0.984861343
0.986912764
0.9852183356
0.9789694916
0.9777171872
0.971983485
0.9727629418
0.9789690548
0.9833405008
0.984018647
0.9923491718
0.9778178124
0.9769914764
0.9921609742
0.9765639068
0.9799537706
0.9715073618
0.9847382594
0.9776055978
0.983745342
0.9730113712
0.9740162108
0.9795426794
0.9785692728
0.9834432722
0.9780424158
0.9726543942
0.980514927743011
0.931132433478627
0.975467207
0.9749443028
0.969225191836
0.952693249423054
0.969370067104317
1
1
1
1
1
1
1
1
1
1
1
1
1
1
1
1
1
1
1
1
1
1
1
1
1
1
1
1
1
1
1
1
1
1
1
1
1
1
0.5089419738
0.357100952
0.6948647394
0.9223566034
0.9544937796
0.9820978618
0.9695413868
0.9790392554
0.9561638636
0.9833435694
0.911355687
0.953830288
0.9723462172
0.9541191622
0.9521687402
0.9719457564
0.9659614256
0.9609477572
0.9199754922
0.952476998
0.9719719192
0.9772649646
0.9784411322
0.9613558948
0.972243576
0.976889494
0.9558068182
0.9644545884
0.980477389
0.9839831218
0.9859983522
0.9551103622
0.9623668548
0.9738590506
0.9700277686
0.9535938356
0.9735732402
0.958274307
0.9605740068
0.9731285368
0.9462796772
0.9555799922
0.9337999742
0.9535588528
0.9683947564
0.9549910874
0.9698576824
0.964982669
0.9655511076
0.934888806
0.969827943
0.9575554092
0.944304937
0.9554675202
0.9389960812
0.9428183492
0.9728308548
0.9699441884
0.966155989
0.9370936258
0.9716266374
0.9631819202
0.9795391868
0.9769888538
0.978301015
0.974340996
0.9670013966
0.9513112468
0.9830708258
0.957898739
0.9742456508
0.9704610882
0.975033978
0.9841621948
0.960697456
0.972610047
0.9734488672
0.9569583838
0.9626198746
0.9701564072
0.9860953848
0.9668117724
0.9619664118
0.9604216
0.9585139276
0.9702978554
0.9898488832
0.9562429752
0.962846366
0.9635632824
0.9866279356
0.985298598
0.9818354124
0.980242271
0.964920472
0.966670223
0.9619714206
0.9706052944
0.9806614328
0.97636465
0.993649072
0.9865438658
0.9915049618
0.9530289
0.9653418358
0.9737037524
0.9555061996
0.9780504236
0.9889222538
0.9778003208
0.9620134826
0.984474321
0.9819890928
0.990752399
0.988531541
0.9943426812
0.9705870826
0.9906491662
0.9827340528
0.9923607742
0.990426239
0.9632760996
0.962851799
0.9664335726
0.9803067362
0.973827247
0.9744816764
0.9761574556
0.9911152364
0.9880067046
0.9834351318
0.9830936174
0.9916213464
0.9872170662
0.9683615818
0.9388255824
0.9702285252
0.9646471498
0.9858424798
0.9660240778
0.9884373308
0.9838477892
0.9902291232
0.9739898952
0.9881441806
0.9777818728
0.9735245264
0.9840806488
0.9736356106
0.9779388046
0.9916584832
0.9879304754
0.9864871896
0.9911856388
0.9881589694
0.9882423904
0.9893748438
0.990027155
0.988775252
0.9939734724
0.9856421468
0.9931940022
0.9945978818
0.9847811468
0.9928475564
0.9807334376
0.98029116
0.9772594452
0.981254046
0.9843488132
0.985096953
0.9819547016
0.9781286134
0.9541959358
0.8111624912
0.904404457
0.958939080662266
1
1
1
1
1
1
1
1
1
1
1
1
1
1
1
1
1
1
1
1
1
1
1
1
1
1
1
1
1
1
1
1
1
1
1
1
1
1
1
1
0.5701660332
0.516831358036513
0.427229218095644
0.636517767826087
0.618849706523599
0.785287806450036
0.5372064042
0.846794152696627
0.9127120428
0.8387877394
0.9894801152
0.9781178604
0.992044904
0.9859129824
0.9814479466
0.992450129300776
0.9370380266
0.3965571214
0.896501329033606
0.9782518164
0.8203135698
0.4486655368
0.9153527824
0.9281655948
0.9001789198
0.510048792
0.9874419006
0.9813484112
0.977946339
0.8756049926
0.9847866928
0.9632173194
0.977934417
0.9745133884
0.9928416744
0.9213372214
0.9817881298
0.9847776878
0.9656236816
0.9680379692
0.9795925988
0.9818482408
0.9830077648
0.9781041866
0.9899876258
0.9851943066
0.9630742644
0.8668970844
0.9596517602
0.9557187668
0.8820270712
0.9773347104
0.9721947326
0.9621249878
0.9462558102
0.9868828014
0.994055867
0.9933511956
0.98772465
0.9383131266
0.963943322
0.9870863902
0.9601201144
0.9612409946
0.9836360212
0.9816743064
0.9534211208
0.959417552
0.9787480124
0.9731059442
0.941074926
0.971106811
0.9522130122
0.952306632
0.988233952
0.9951883148
0.9706117862
0.9912054338
0.990304313
0.9877456594
0.9805784926
0.9845206442
0.9862320162
0.987360474
0.958436842
0.9862685504
0.987105981
0.9851491926
0.9852313446
0.9706951968
0.9811621622
0.983042558
0.9896237218
0.9833477364
0.9896399296
0.9757818328
0.988727478
0.9928156118
0.9799793444
0.9849832696
0.9915321804
0.9853645236
0.947372225
0.9761567796
0.9725162942
0.9222248362
0.9895949476
0.9607408104
0.9360656388
0.9871480232
0.9749149858
0.8926466334
0.9606449062
0.9671466548
0.9605370044
0.9758509724
0.9350981908
0.9738383458
0.9552526894
0.9676299158
0.9693084742
0.9911534342
0.9829913748
0.960899165
0.9369714294
0.413181241512965
0.6798107256
0.9694229334
0.958619846
0.735693724712235
0.898460787451641
0.838573369
0.9831459498
0.9840470452
0.9633099402
0.9501914006
0.9568952366
0.9853390354
0.9627389124
0.9803960796
0.966422233
0.980954776
0.9855138442
0.9718842352
0.9742369678
0.982867311
0.968489749
0.9756999758
0.9599725656
0.981043564
0.9889007554
0.9930255604
0.9949592182
0.9931234692
0.9749220178
0.9419676788
0.9924591442
0.975008593
0.9924518736
0.973838874
0.9590237616
0.9509476912
0.9715992766
0.9831026534
0.7994497566
0.23904737113886
0.936914083409091
0.9751272712
0.9595408834
0.9834730406
0.9369819122
0.8801610204
0.9780791194
0.9832847488
0.9901858986
0.986208638
0.9265505436
0.986168875
0.9937856
0.9936544566
0.9961146998
0.9882615816
0.9813707818
0.978896133801236
0.9780666208
0.9660210028
0.9820089182
0.9858100696
0.9905524068
0.9876489058
0.9412877732
0.9902172848
0.9778451436
0.991975466
0.985377133
0.6970752922
0.495099948
0.9876819094
0.7099720904
0.6232090776
0.9872137712
0.9828746582
0.5815014956
0.6304891532
0.9834464488
0.9907665344
0.9516837238
0.9135392888
0.7771119568
0.6786262662
0.9056808828
0.8336841288
0.98896197
0.9861930554
0.9905444026
0.988829243
0.9855329244
0.9888164452
0.9798268608
0.9903601638
0.9925595628
0.992219939
0.8023104922
0.7311591956
0.5975043262
0.8027745268
0.7829455576
0.980635423
0.9513107778
0.8888261158
0.4220628276
0.5514264424
0.4287496858
0.672264159
0.903659883526551
0.950752552
0.925062603236373
1
1
1
1
1
1
1
1
1
1
1
1
1
1
1
1
1
1
1
1
1
0.567339551134423
0.959204701
0.9502058952
0.9452840364
0.9750169524
0.9656787544
0.9757744774
0.9951423088
0.9875373548
0.9950388682
0.9759882298
0.990110286
0.967516316
0.9943463364
0.9650419434
0.9873572344
0.9809555844
0.9898817494
0.9981308314
0.9446229554
0.9763197968
0.9839635138
0.9876768514
0.9937043304
0.9862953792
0.9692023184
0.9520710748
0.9519330648
0.9606912154
0.9520707406
0.9867447924
0.9654219118
0.9884825714
0.9854404876
0.9468299346
0.9875034262
0.9855889814
0.9921875378
0.967317598
0.9709750102
0.9964547588
0.9737708146
0.9885101694
0.983012353
0.9869763386
0.9725432768
0.9824712838
0.9575393476
0.7414495854
0.938328717
0.981488276
0.9757591584
0.9712597056
0.9607273572
0.995835331
0.982805872
0.8904201302
0.9625760656
0.9837318202
0.9509195616
0.9774951044
0.9801013068
0.991471207
0.9871772816
0.994141136
0.9963737346
0.9924171352
0.995233086
0.9705425048
0.9831887778
0.9861151946
0.9904521176
0.9676614932
0.9976963822
0.9969605892
0.9783555684
0.986397366
0.9905569216
0.9863616128
0.9848770244
0.9669988072
0.9870919046
0.9921146374
0.9607957964
0.865176929043385
0.9857671928
0.9662240838
0.9694997848
0.600467887778924
0.920313835444842
0.944650595
0.9605512992
0.9723705016
0.9737157906
0.9582800634
0.8779726472
0.9720780306
0.984722897
0.9729103748
0.9607402012
0.9815327136
0.9876879312
0.9600266476
0.9799672436
0.9848417072
0.9822328958
0.987139535
0.9841605526
0.9702506792
0.981776663
0.983561774
0.9885820936
0.9670865644
0.9742706684
0.9873426102
0.990641618
0.9736868146
0.961007004
0.9889460792
0.9262808514
0.8056023668
0.9760974774
0.7768882254
0.9835024912
0.9848806776
0.7622586746
0.703659839
0.812872534
0.97889816
0.7064569598
0.8670058962
0.95380175
0.894683714755058
0.855157585841031
1
1
1
1
1
0.813508892208242
0.9649106798
0.9762714266
0.9727889796
0.9867038412
0.979550564
0.9663652788
0.9109552536
0.922747415
0.9759833734
0.8943201624
0.9789957638
0.9495324282
0.9916231924
0.9693644658
0.9708457538
0.9915464194
0.9523172382
0.947123672
0.604011519032072
0.9939728918
0.9846889434
0.774597457
0.952137247
0.980727149
0.986127813
0.985385638
0.9891723454
0.9493241924
0.980024205
0.978102891
0.9757891228
0.9683408476
0.9786137614
0.9744613512
0.9821288014
0.9835794468
0.8274736496
0.799496544
0.6900651982
0.9206758658
0.9022287718
0.9891553362
0.9888221968
0.9790565542
0.98807139
0.9899580256
0.992323563
0.9777405904
0.9810268668
0.9732073352
0.9808808452
0.9820130982
0.9658586576
0.9792040812
0.9775772236
0.9874062562
0.965365072
0.9552837006
0.99396037
0.988652678
0.9938263004
0.9802325874
0.9757187508
0.977738661
0.958680891
0.870267201
0.9630915152
0.9707746372
0.9846554584
0.8930445952
0.9257531416
0.9916396498
0.9655661524
0.991841490073364
0.8317929444
0.9911829516
0.9883668324
0.987712036
0.977530814
0.9845963226
0.9782961266
0.9529460314
0.9667811512
0.981044602
0.9713108526
0.9799102568
0.9759721364
0.983270409
0.9911955664
0.9928023274
0.9851376782
0.9872710716
0.9877681514
0.9916492944
0.9878572644
0.9726343558
0.983642626
0.9815056706
0.9763012942
0.9880307732
0.9798987018
0.9847871716
0.9900181552
0.9899988582
0.921563951408042
0.9818281874
0.9793639374
0.9910100926
0.980789916235323
0.9789128196
0.9668333256
0.810074976808073
0.891351876734694
0.9534960896
0.9784655672
0.95937901
0.9757312638
0.977277405
0.9876344088
0.9796529614
0.9819388592
0.9694049518
0.9754397418
0.977954905
0.9757751094
0.9853593548
0.9671115664
0.9738603082
0.9836934784
0.9710083518
0.9735048984
0.9850656544
0.9908938086
0.9384134124
0.9801406474
0.9300114628
0.9092489106
0.9771833662
0.977101961
0.9656634798
0.694427224
0.691253342
0.507058523691186
1
1
1
1
1
1
0.971340751417905
0.9750450424
0.9916624454
0.9452925938
0.9797210098
0.9873255322
0.9867748612
0.9669787908
0.9942211134
0.977226598
0.9793709374
0.9884970342
0.9658683154
0.9648638204
0.969226987
0.9753624308
0.983969767
0.9871478652
0.9804132474
0.990241233
0.9818626112
0.9829983296
0.9639334528
0.9794954054
0.9779869114
0.9683912938
0.9736135386
0.9584991882
0.9711542584
0.9522994254
0.9772135864
0.989122388
0.9603279626
0.9705769058
0.9874797058
0.9972153302
0.9840774924
0.9804756124
0.9612295372
0.9887611506
0.992113839
0.9738453094
0.9909554514
0.9660798792
0.9728090848
0.973720034
0.9676875626
0.9902064632
0.974208298
0.9666763292
0.9871449138
0.9890071828
0.9545041976
0.969438318
0.9920637686
0.986493931
0.9525513498
0.966443674
0.961946313
0.992431177
0.9824790668
0.9601226922
0.984170483
0.9926196868
0.9716600576
0.9704854496
0.9599795734
0.966611484750722
0.9935889154
0.9795301336
0.9744714194
0.9733024546
0.9709231848
0.9739726452
0.9896526758
0.9853631708
0.9780162376
0.9739752028
0.968552917
0.9716364716
0.9746798044
0.974270061
0.9823190598
0.9865472814
0.979540791
0.9767302524
0.9655537944
0.969186189
0.9812881678
0.9836911286
0.9940703572
0.9822253886
0.9804515884
0.984404255
0.9791965706
0.9716633198
0.983299872
0.9752348644
0.9793756994
0.9476450742
0.9697122082
0.9810782448
0.9813129476
0.9951002242
0.9631200072
0.973392705
0.9875764208
0.990735249393823
0.9900412766
0.9955612408
0.9803778986
0.9773292476
0.9834591258
0.9606761244
0.991097487059702
0.9743928066
0.9617268612
0.9585385952
0.9621495848
0.998508291515929
0.5992120775
0.9670599702
0.9754852544
0.9767822774
0.9802479026
0.97156961
0.9789091974
0.97756002
0.9788893
0.9719573414
0.9867812916
0.9713479404
0.9827292548
0.976683764
0.884754161453136
0.9866013158
0.9501997706
0.888751031657654
0.9803423486
0.9656616072
0.9838433252
0.9840046504
0.9802642786
0.9716014742
0.950950422
0.9622195504
0.9857757084
0.9817186396
0.951167879
0.9734441656
0.984856968
0.9578734352
0.9808401878
0.9878611678
0.9806304164
0.9804719488
0.9784543924
0.9879114654
0.9859397754
0.977543236
0.9374188494
0.902721150747526
0.96487646
0.9584342016
0.9365353402
0.9217682306
0.9588207392
0.951956326
0.9354755334
0.747094914636646
1
1
1
1
1
0.929624446905129
0.9573743948
0.9624893524
0.969652442
0.9584482606
0.9821903232
0.979777622
0.9929449294
0.9962943038
0.9943729038
0.9928291346
0.9524720114
0.9870662862
0.9956572196
0.9801725696
0.9481093262
0.9872441022
0.984682179
0.8847326352
0.9729703118
0.8896756046
0.9639707618
0.98110011
0.9656684546
0.9803179394
0.9246852308
0.9633633162
0.942988186
0.9540917414
0.9788413508
0.9875749554
0.8137611778
0.7953882876
0.9835914854
0.956180538
0.9769495662
0.9838468946
0.9801066686
0.9729783628
0.9853792122
0.967749593
0.8832543146
0.9824131834
0.9767306878
0.9540691324
0.9772767374
0.8864305504
0.9730074102
0.9794250212
0.9771591552
0.980048941
0.9425119758
0.9385964248
0.9605371682
0.9515616002
0.9032170654
0.9700881652
0.960277919
0.9601982508
0.9833895112
0.9753473454
0.9542483676
0.9732390232
0.826330102452811
0.965828720681818
0.9907985098
0.9806635638
0.9739886676
0.9817774324
0.9789859518
0.9676139608
0.9833893544
0.958300749
0.9874539454
0.9563193764
0.9848997848
0.9720101586
0.9866119022
0.9766759576
0.9820564586
0.9757647304
0.9777451812
0.987358367
0.9772134528
0.9875511492
0.9922986326
0.99194465
0.9799080252
0.946836223
0.9502172478
0.9797980112
0.9780844706
0.9704663062
0.9910006216
0.978967859
0.9883839566
0.9930938726
0.9763430362
0.9727653762
0.990331212
0.9684399834
0.9562255024
0.9756232334
0.9766379792
0.9883095804
0.9947331608
0.9754124444
0.9506090638
0.9651078498
0.976604485
0.9715873888
0.9152166824
0.9869099272
0.9626234438
0.961627537
0.7937769892
0.753902546945418
1
1
1
1
1
0.720571387897701
0.846712158845095
0.9777591466
0.9821619688
0.9863785824
0.9870474774
0.9784561556
0.9694562726
0.9807458526
0.9726906892
0.9885908322
0.982675742469736
0.98310232
0.9714669948
0.9932087584
0.993014528
0.9812215672
0.9850056164
0.963513642
0.9735525174
0.9836240344
0.9766495918
0.9675196914
0.9805287174
0.9757906368
0.9812263338
0.966912159
0.9851219762
0.9905459528
0.9894901106
0.955511793
0.9953190926
0.9939292024
0.991919424
0.9659480992
0.9700635912
0.9762234226
0.9773357622
0.9923694062
0.9843326494
0.9852044904
0.9944126412
0.9882232976
0.9877636804
0.9877730412
0.9960650008
0.9436597178
0.9833019086
0.969858704
0.9618442248
0.9571437452
0.9754589662
0.9880729064
0.9943006588
0.9951139172
0.9927970782
0.9929881694
0.9909651594
0.9793738482
0.9896998512
0.9826868452
0.988556164
0.9899078132
0.9768059992
0.994869107931443
0.9895899736
0.9745001516
0.900213723733595
1
1
1
1
1
1
1
1
1
1
1
1
1
1
1
1
1
1
1
0.633175263211233
0.517970847107541
0.381718322807392
0.69803036930688
0.806794292854105
1
1
1
1
1
0.50235869179779
0.55713434
0.6917958028
0.9691399192
0.9634063156
0.9858301838
0.9720808136
0.9774776784
0.9583328008
0.937326086
0.9714979626
0.9755025986
0.9697498394
0.9872654176
0.9762692426
0.9875762284
0.9929880974
0.994182778
0.984498806
0.9868948398
0.9743987872
0.9915138002
0.991035573
0.9869807408
0.9849505256
0.9933318952
0.9786184092
0.9871041844
0.9866964634
0.98077172
0.8735342822
0.9866879144
0.973504578
0.9866377662
0.9932917106
0.9912640894
0.9813789262
0.990955426
0.980514300316447
0.975150308
0.990986533
0.9835412206
0.9800999934
0.992304316
0.9935512204
0.9772040388
0.9851265506
0.9771348734
0.9842396596
0.9822529856
0.9854219726
0.9914015496
0.9885420698
0.9876430248
0.9604665518
0.9846568718
0.9774594764
0.986863235494281
0.99167556154957
0.9938878414
0.9749422402
0.981430251516276
0.9866975664
0.979497807
0.9788846846
0.9875595908
0.973085088
0.979466203
0.858647470076624
1
1
1
1
1
1
1
1
1
1
1
1
1
1
1
1
1
1
1
1
1
1
1
1
1
1
1
1
1
1
1
1
0.365016499111111
0.505210491183051
0.789871889
0.962187215
0.9714304622
0.630082539
0.97942399098115
0.9894876208
0.7364053554
0.765735994159285
0.8896854262
0.46709701
0.972146116
0.8551889758
0.9758406072
0.9296042724
0.9061048834
0.932268977
0.9130241822
0.9295778286
0.9864932914
0.9893110092
0.9887528232
0.9951599646
0.97281924
0.9476570782
0.9601746954
0.9663966196
0.9841178522
0.9909057028
0.9739356782
0.976589722
0.9860660902
0.9507402646
0.9854856544
0.9874126678
0.9910852126
0.977582151
0.9517717556
0.9852743222
0.9783178028
0.9775709018
0.9952191224
0.9937340992
0.9823355434
0.9521092524
0.965589514
0.984614754
0.988269612
0.9810259062
0.9765649424
0.9787178766
0.976995563
0.9472552446
0.9768878624
0.992083734
0.989367273
0.9872405594
0.9882256912
0.983889127
0.9938991286
0.9872043758
0.9849043666
0.981557406
0.9935509504
0.9924919244
0.9768428128
0.9885495892
0.98653438174379
0.9781423376
0.827190206406916
